chembl_id	name	smiles	pAff
CHEMBL1095992	(2S,2'S)-N,N'-((6S,12S,14aS,20S,26S,28aS)-12,26-dibenzyl-5,11,14,19,25,28-hexaoxooctacosahydrodipyrrolo[1,2-a:1',2'-m][1,4,7,13,16,19]hexaazacyclotetracosine-6,20-diyl)bis(2-(methylamino)propanamide)	CN[C@@H](C)C(=O)N[C@H]1CCCNC(=O)[C@H](Cc2ccccc2)NC(=O)[C@@H]3CCCN3C(=O)[C@H](CCCNC(=O)[C@H](Cc4ccccc4)NC(=O)[C@@H]5CCCN5C1=O)NC(=O)[C@H](C)NC	6.590579215286
CHEMBL1095993	(2S)-2-(methylamino)-N-[(2S,5S,11S,20S,23S,29S)-29-[(2S)-2-(methylamino)propanamido]-4,10,22,28-tetraoxo-2,20-diphenyl-3,9,16,17,18,21,27,34,35,36-decaazapentacyclo[32.2.1.1^{16,19}.0^{5,9}.0^{23,27}]octatriaconta-1(37),17,19(38),35-tetraen-11-yl]propanamide	CN[C@@H](C)C(=O)N[C@H]1CCCCn2cc(nn2)[C@@H](NC(=O)[C@@H]3CCCN3C(=O)[C@H](CCCCn4cc(nn4)[C@@H](NC(=O)[C@@H]5CCCN5C1=O)c6ccccc6)NC(=O)[C@H](C)NC)c7ccccc7	7.473465816186
CHEMBL1095994	(2S)-N-[(2S,5S,11S,20S,23S,29S)-2,20-dibenzyl-29-[(2S)-2-(methylamino)propanamido]-4,10,22,28-tetraoxo-3,9,16,17,18,21,27,34,35,36-decaazapentacyclo[32.2.1.1^{16,19}.0^{5,9}.0^{23,27}]octatriaconta-1(37),17,19(38),35-tetraen-11-yl]-2-(methylamino)propanamide	CN[C@@H](C)C(=O)N[C@H]1CCCCn2cc(nn2)[C@H](Cc3ccccc3)NC(=O)[C@@H]4CCCN4C(=O)[C@H](CCCCn5cc(nn5)[C@H](Cc6ccccc6)NC(=O)[C@@H]7CCCN7C1=O)NC(=O)[C@H](C)NC	6.308032625316
CHEMBL1241424	(3S,6S,9R,10aR)-N-Benzhydryl-6-((S)-2-(methylamino)-propanamido)-5-oxo-9-(2-phenylacetamido)decahydropyrrolo-[1,2-a]azocine-3-carboxamide	CN[C@@H](C)C(=O)N[C@H]1CC[C@H](C[C@H]2CC[C@H](N2C1=O)C(=O)NC(c3ccccc3)c4ccccc4)NC(=O)Cc5ccccc5	8.136656010372999
CHEMBL1241425	(3S,6S,9S,10aR)-N-Benzhydryl-6-((S)-2-(methylamino)-propanamido)-5-oxo-9-(2-phenylacetamido)decahydropyrrolo-[1,2-a]azocine-3-carboxamide	CN[C@@H](C)C(=O)N[C@H]1CC[C@@H](C[C@H]2CC[C@H](N2C1=O)C(=O)NC(c3ccccc3)c4ccccc4)NC(=O)Cc5ccccc5	7.251851337438
CHEMBL1241426	(3S,6S,9R,10aR)-6-((S)-2-(Methylamino)propanamido)-5-oxo-9-(2-phenylacetamido)-N-((R)-1,2,3,4-tetrahydronaphthalen-1-yl)decahydropyrrolo[1,2-a]azocine-3-carboxamide	CN[C@@H](C)C(=O)N[C@H]1CC[C@H](C[C@H]2CC[C@H](N2C1=O)C(=O)N[C@@H]3CCCc4ccccc34)NC(=O)Cc5ccccc5	8.549942576688
CHEMBL1242922	(3S,6S,9S,10aR)-N-Benzhydryl-9-hydroxy-6-((S)-2-(methylamino)propanamido)-5-oxodecahydropyrrolo[1,2-a]azocine-3-carboxamide	CN[C@@H](C)C(=O)N[C@H]1CC[C@H](O)C[C@H]2CC[C@H](N2C1=O)C(=O)NC(c3ccccc3)c4ccccc4	7.518651584573
CHEMBL1243385	(3S,6S,9R,10aR)-N-benzhydryl-9-hydroxy-6-((S)-2-(methylamino)propanamido)-5-oxodecahydropyrrolo[1,2-a]azocine-3-carboxamide	CN[C@@H](C)C(=O)N[C@H]1CC[C@@H](O)C[C@H]2CC[C@H](N2C1=O)C(=O)NC(c3ccccc3)c4ccccc4	7.440417453888
CHEMBL1773083	(S,3S,3'S,6S,6'S,1'aS,1'a'S)-N,N'-((1S,1'S)-(1,1'-(1,4-Phenylenebis-(methylene))bis(1H-1,2,3-triazole-4,1-diyl))bis(phenylmethylene))bis-(6-((S)-2-(methylamino)propanamido)-5-oxodecahydropyrrolo[1,2-a]azocine-3-carboxamide)	CN[C@@H](C)C(=O)N[C@H]1CCCC[C@H]2CC[C@H](N2C1=O)C(=O)N[C@@H](c3ccccc3)c4cn(Cc5ccc(Cn6cc(nn6)[C@@H](NC(=O)[C@@H]7CC[C@@H]8CCCC[C@H](NC(=O)[C@H](C)NC)C(=O)N78)c9ccccc9)cc5)nn4	8.1207935848055
CHEMBL1774031	(S,3S,3'S,6S,6'S,1'aS,1'a'S)-N,N'-((1S,1'S)-(1,1'-(Decane-1,1'-diyl)-bis(1H-1,2,3-triazole-4,1-diyl))bis(phenylmethylene))bis(6-((S)-2-(methylamino)propanamido)-5-oxodecahydropyrrolo[1,2-a]azocine-3-carboxamide)	CN[C@@H](C)C(=O)N[C@H]1CCCC[C@H]2CC[C@H](N2C1=O)C(=O)N[C@@H](c3ccccc3)c4cn(CCCCCCCCCCn5cc(nn5)[C@@H](NC(=O)[C@@H]6CC[C@@H]7CCCC[C@H](NC(=O)[C@H](C)NC)C(=O)N67)c8ccccc8)nn4	8.287798801797999
CHEMBL1774154	(S,3S,3'S,6S,6'S,10aS,10a'S)-N,N'-((1S,1'S)-(1,1'-(4,4'-(1,4-phenylene)bis(butane-4,1-diyl))bis(1H-1,2,3-triazole-4,1-diyl))bis(phenylmethylene))bis(6-((S)-2-(methylamino)propanamido)-5-oxodecahydropyrrolo[1,2-a]azocine-3-carboxamide)	CN[C@@H](C)C(=O)N[C@H]1CCCC[C@H]2CC[C@H](N2C1=O)C(=O)N[C@@H](c3ccccc3)c4cn(CCCCc5ccc(CCCCn6cc(nn6)[C@@H](NC(=O)[C@@H]7CC[C@@H]8CCCC[C@H](NC(=O)[C@H](C)NC)C(=O)N78)c9ccccc9)cc5)nn4	8.512589103086857
CHEMBL1774155	(S,3S,3'S,6S,6'S,10aS,10a'S)-N,N'-((1S,1'S)-(1,1'-(4,4'-(1,4-phenylene)bis(butane-4,1-diyl))bis(1H-1,2,3-triazole-4,1-diyl))bis(phenylmethylene))bis(6-((S)-2-acetamido-3-(1H-indol-3-yl)propanamido)-5-oxodecahydropyrrolo[1,2-a]azocine-3-carboxamide)	CC(=O)N[C@@H](Cc1c[nH]c2ccccc12)C(=O)N[C@H]3CCCC[C@H]4CC[C@H](N4C3=O)C(=O)N[C@@H](c5ccccc5)c6cn(CCCCc7ccc(CCCCn8cc(nn8)[C@@H](NC(=O)[C@@H]9CC[C@@H]%10CCCC[C@H](NC(=O)[C@H](Cc%11c[nH]c%12ccccc%11%12)NC(=O)C)C(=O)N9%10)c%13ccccc%13)cc7)nn6	3.7248458085479994
CHEMBL1774156	(S,3S,3'S,6S,6'S,1'aS,1'a'S)-N,N'-((1S,1'S)-(1,1'-(1,4-Phenylenebis-(ethane-2,1-diyl))bis(1H-1,2,3-triazole-4,1-diyl))bis(phenylmethylene))-bis(6-((S)-2-(methylamino)propanamido)-5-oxodecahydropyrrolo[1,2-a]azocine-3-carboxamide)	CN[C@@H](C)C(=O)N[C@H]1CCCC[C@H]2CC[C@H](N2C1=O)C(=O)N[C@@H](c3ccccc3)c4cn(CCc5ccc(CCn6cc(nn6)[C@@H](NC(=O)[C@@H]7CC[C@@H]8CCCC[C@H](NC(=O)[C@H](C)NC)C(=O)N78)c9ccccc9)cc5)nn4	8.3263397996155
CHEMBL1774157	(S,3S,3'S,6S,6'S,1'aS,1'a'S)-N,N'-((1S,1'S)-(1,1'-(1,4-Phenylenebis-(propane-3,1-diyl))bis(1H-1,2,3-triazole-4,1-diyl))bis(phenylmethylene))bis(6-((S)-2-(methylamino)propanamido)-5-oxodecahydropyrrolo[1,2-a]azocine-3-carboxamide)	CN[C@@H](C)C(=O)N[C@H]1CCCC[C@H]2CC[C@H](N2C1=O)C(=O)N[C@@H](c3ccccc3)c4cn(CCCc5ccc(CCCn6cc(nn6)[C@@H](NC(=O)[C@@H]7CC[C@@H]8CCCC[C@H](NC(=O)[C@H](C)NC)C(=O)N78)c9ccccc9)cc5)nn4	8.514610288488
CHEMBL1774158	(S,3S,3'S,6S,6'S,1'aS,1'a'S)-N,N'-((1S,1'S)-(1,1'-(1,4-Phenylenebis-(hexane-6,1-diyl))bis(1H-1,2,3-triazole-4,1-diyl))bis(phenylmethylene))bis(6-((S)-2-(methylamino)propanamido)-5-oxodecahydropyrrolo[1,2-a]azocine-3-carboxamide)	CN[C@@H](C)C(=O)N[C@H]1CCCC[C@H]2CC[C@H](N2C1=O)C(=O)N[C@@H](c3ccccc3)c4cn(CCCCCCc5ccc(CCCCCCn6cc(nn6)[C@@H](NC(=O)[C@@H]7CC[C@@H]8CCCC[C@H](NC(=O)[C@H](C)NC)C(=O)N78)c9ccccc9)cc5)nn4	8.2106195957155
CHEMBL1774159	(S,3S,3'S,6S,6'S,1'aS,1'a'S)-N,N'-((1S,1'S)-(1,1'-(1,4-Phenylenebis-(octane-8,1-diyl))bis(1H-1,2,3-triazole-4,1-diyl))bis(phenylmethylene))bis(6-((S)-2-(methylamino)propanamido)-5-oxodecahydropyrrolo-[1,2-a]azocine-3-carboxamide)	CN[C@@H](C)C(=O)N[C@H]1CCCC[C@H]2CC[C@H](N2C1=O)C(=O)N[C@@H](c3ccccc3)c4cn(CCCCCCCCc5ccc(CCCCCCCCn6cc(nn6)[C@@H](NC(=O)[C@@H]7CC[C@@H]8CCCC[C@H](NC(=O)[C@H](C)NC)C(=O)N78)c9ccccc9)cc5)nn4	8.088370196482998
CHEMBL1774160	(S,3S,3'S,6S,6'S,1'aS,1'a'S)-N,N'-((1S,1'S)-(1,1'-(Dodecane-1,12-diyl)bis-(1H-1,2,3-triazole-4,1-diyl))bis(phenylmethylene))bis(6-((S)-2-(methylamino)propanamido)-5-oxodecahydropyrrolo[1,2-a]azocine-3-carboxamide)	CN[C@@H](C)C(=O)N[C@H]1CCCC[C@H]2CC[C@H](N2C1=O)C(=O)N[C@@H](c3ccccc3)c4cn(CCCCCCCCCCCCn5cc(nn5)[C@@H](NC(=O)[C@@H]6CC[C@@H]7CCCC[C@H](NC(=O)[C@H](C)NC)C(=O)N67)c8ccccc8)nn4	8.2709144855755
CHEMBL1774161	(3S,6S,1'aS)-6-((S)-2-(Methylamino)propanamido)-N-((1-(4-(4-(4-(4-((S)-((3S,6S,1'aS)-6-((S)-2-(methylamino)propanamido)-5-oxodecahydropyrrolo[1,2-a]azocine-3-carboxamido)(phenyl)methyl)-1H-1,2,3-triazol-1-yl)butyl)-1H-1,2,3-triazol-1-yl)butyl)1H-1,2,3-triazol-4-yl)-(phenyl)methyl)-5-oxodecahydropyrrolo[1,2-a]azocine-3-carboxamide	CN[C@@H](C)C(=O)N[C@H]1CCCC[C@H]2CC[C@H](N2C1=O)C(=O)N[C@@H](c3ccccc3)c4cn(CCCCc5cn(CCCCn6cc(nn6)[C@@H](NC(=O)[C@@H]7CC[C@@H]8CCCC[C@H](NC(=O)[C@H](C)NC)C(=O)N78)c9ccccc9)nn5)nn4	8.280845490223
CHEMBL1774162	(S,3S,3'S,6S,6'S,1'aS,1'a'S)-N,N'-((1S,1'S)-(1,1'-((Carbonylbis(azanediyl))bis(butane-4,1-diyl))bis(1H-1,2,3-triazole-4,1-diyl))bis(phenylmethylene))bis(6-((S)-2-(methylamino)propanamido)-5-oxodecahydropyrrolo[1,2-a]azocine-3-carboxamide)	CN[C@@H](C)C(=O)N[C@H]1CCCC[C@H]2CC[C@H](N2C1=O)C(=O)N[C@@H](c3ccccc3)c4cn(CCCCNC(=O)NCCCCn5cc(nn5)[C@@H](NC(=O)[C@@H]6CC[C@@H]7CCCC[C@H](NC(=O)[C@H](C)NC)C(=O)N67)c8ccccc8)nn4	8.256736593648
CHEMBL1774163	(S,3S,3'S,6S,6'S,1'aS,1'a'S)-N,N'-((1S,1'S)-(1,1'-(Oxybis(pentane-5,1-diyl))bis(1H-1,2,3-triazole-4,1-diyl))bis(phenylmethylene))bis(6-((S)-2-(methylamino)propanamido)-5-oxodecahydropyrrolo[1,2-a]azocine-3-carboxamide)	CN[C@@H](C)C(=O)N[C@H]1CCCC[C@H]2CC[C@H](N2C1=O)C(=O)N[C@@H](c3ccccc3)c4cn(CCCCCOCCCCCn5cc(nn5)[C@@H](NC(=O)[C@@H]6CC[C@@H]7CCCC[C@H](NC(=O)[C@H](C)NC)C(=O)N67)c8ccccc8)nn4	8.292314801817998
CHEMBL1774164	(S,3S,3'S,6S,6'S,1'aS,1'a'S)-N,N'-((1S,1'S)-(1,1'-((Butane-1,4-diylbis-(oxy))bis(ethane-2,1-diyl))bis(1H-1,2,3-triazole-4,1-diyl))bis(phenylmethylene))bis(6-((S)-2-(methylamino)propanamido)-5-oxodecahydropyrrolo[1,2-a]azocine-3-carboxamide)	CN[C@@H](C)C(=O)N[C@H]1CCCC[C@H]2CC[C@H](N2C1=O)C(=O)N[C@@H](c3ccccc3)c4cn(CCOCCCCOCCn5cc(nn5)[C@@H](NC(=O)[C@@H]6CC[C@@H]7CCCC[C@H](NC(=O)[C@H](C)NC)C(=O)N67)c8ccccc8)nn4	8.171577102222999
CHEMBL1774165	(3S,6S,1'aS)-6-((S)-2-(Methylamino)propanamido)-N-((1-(2-(2-(2-(2-(4-((S)-((3S,6S,1'aS)-6-((S)-2-(methylamino)propanamido)-5-oxodecahydropyrrolo[1,2-a]azocine-3-carboxamido)(phenyl)methyl)-1H-1,2,3-triazol-1-yl)ethoxy)ethoxy)ethoxy)ethyl)-1H-1,2,3-triazol-4-yl)(phenyl)methyl)-5-oxodecahydropyrrolo[1,2-a]azocine-3-carboxamide	CN[C@@H](C)C(=O)N[C@H]1CCCC[C@H]2CC[C@H](N2C1=O)C(=O)N[C@@H](c3ccccc3)c4cn(CCOCCOCCOCCn5cc(nn5)[C@@H](NC(=O)[C@@H]6CC[C@@H]7CCCC[C@H](NC(=O)[C@H](C)NC)C(=O)N67)c8ccccc8)nn4	7.997873591080499
CHEMBL1774166	(3S,6S,10aS)-6-((S)-2-acetamido-3-(1H-indol-3-yl)propanamido)-N-((S)-(1-(4-(4-(4-(4-((S)-((3S,6S,10aS)-6-((S)-2-(methylamino)propanamido)-5-oxodecahydropyrrolo[1,2-a]azocine-3-carboxamido)(phenyl)methyl)-1H-1,2,3-triazol-1-yl)butyl)phenyl)butyl)-1H-1,2,3-triazol-4-yl)(phenyl)methyl)-5-oxodecahydropyrrolo[1,2-a]azocine-3-carboxamide	CN[C@@H](C)C(=O)N[C@H]1CCCC[C@H]2CC[C@H](N2C1=O)C(=O)N[C@@H](c3ccccc3)c4cn(CCCCc5ccc(CCCCn6cc(nn6)[C@@H](NC(=O)[C@@H]7CC[C@@H]8CCCC[C@H](NC(=O)[C@H](Cc9c[nH]c%10ccccc9%10)NC(=O)C)C(=O)N78)c%11ccccc%11)cc5)nn4	7.802149169728
CHEMBL181785	(S)-2-((S)-2-aminopropanamido)-3-methylbutanamide	CC(C)[C@H](NC(=O)[C@H](C)N)C(=O)N	4.61978875829
CHEMBL1949685	(S)-N-((S)-1-Cyclohexyl-2-oxo-2-((S)-1-phenethylpiperidin-3-ylamino)ethyl)-2-(methylamino)propanamide	CN[C@@H](C)C(=O)N[C@@H](C1CCCCC1)C(=O)N[C@H]2CCCN(CCc3ccccc3)C2	7.39794000867
CHEMBL1950720	(S)-N-((S)-1-cyclohexyl-2-oxo-2-((3aR,7aS)-6-phenethyloctahydro-1H-pyrrolo[2,3-c]pyridin-1-yl)ethyl)-2-(methylamino)propanamide	CN[C@@H](C)C(=O)N[C@@H](C1CCCCC1)C(=O)N2CC[C@H]3CCN(CCc4ccccc4)C[C@@H]23	7.56863623584
CHEMBL1950721	(S)-N-((S)-2-((S)-1-Benzylpyrrolidin-3-ylamino)-1-cyclohexyl-2-oxoethyl)-2-(methylamino)propanamide	CN[C@@H](C)C(=O)N[C@@H](C1CCCCC1)C(=O)N[C@H]2CCN(Cc3ccccc3)C2	5.47108329972
CHEMBL1950722	(S)-N-((S)-1-Cyclohexyl-2-oxo-2-((S)-1-phenethylpyrrolidin-3-ylamino)ethyl)-2-(methylamino)propanamide	CN[C@@H](C)C(=O)N[C@@H](C1CCCCC1)C(=O)N[C@H]2CCN(CCc3ccccc3)C2	6.30102999566
CHEMBL1950723	(S)-N-((S)-1-Cyclohexyl-2-oxo-2-((S)-1-(3-phenylpropyl)pyrrolidin-3-ylamino)ethyl)-2-(methylamino)propanamide	CN[C@@H](C)C(=O)N[C@@H](C1CCCCC1)C(=O)N[C@H]2CCN(CCCc3ccccc3)C2	6.13076828027
CHEMBL1950724	(S)-N-((S)-2-((S)-1-Benzoylpyrrolidin-3-ylamino)-1-cyclohexyl-2-oxoethyl)-2-(methylamino)propanamide	CN[C@@H](C)C(=O)N[C@@H](C1CCCCC1)C(=O)N[C@H]2CCN(C2)C(=O)c3ccccc3	5.29929628285
CHEMBL1950725	(S)-N-((S)-1-cyclohexyl-2-oxo-2-((S)-1-(2-phenylacetyl)pyrrolidin-3-ylamino)ethyl)-2-(methylamino)propanamide	CN[C@@H](C)C(=O)N[C@@H](C1CCCCC1)C(=O)N[C@H]2CCN(C2)C(=O)Cc3ccccc3	6.10790539731
CHEMBL1950726	(S)-Benzyl 3-((S)-2-cyclohexyl-2-((S)-2-(methylamino)propanamido)acetamido)pyrrolidine-1-carboxylate	CN[C@@H](C)C(=O)N[C@@H](C1CCCCC1)C(=O)N[C@H]2CCN(C2)C(=O)OCc3ccccc3	6.13076828027
CHEMBL1950727	(S)-N-((S)-2-((S)-1-benzylpiperidin-3-ylamino)-1-cyclohexyl-2-oxoethyl)-2-(methylamino)propanamide	CN[C@@H](C)C(=O)N[C@@H](C1CCCCC1)C(=O)N[C@H]2CCCN(Cc3ccccc3)C2	5.77211329539
CHEMBL1950728	(S)-N-((S)-1-Cyclohexyl-2-oxo-2-((S)-1-(3-phenylpropyl)piperidin-3-ylamino)ethyl)-2-(methylamino)propanamide	CN[C@@H](C)C(=O)N[C@@H](C1CCCCC1)C(=O)N[C@H]2CCCN(CCCc3ccccc3)C2	6.10237290871
CHEMBL1950729	(S)-N-((S)-2-((S)-1-Benzoylpiperidin-3-ylamino)-1-cyclohexyl-2-oxoethyl)-2-(methylamino)propanamide	CN[C@@H](C)C(=O)N[C@@H](C1CCCCC1)C(=O)N[C@H]2CCCN(C2)C(=O)c3ccccc3	5.47366072261
CHEMBL1950730	(S)-N-((S)-1-Cyclohexyl-2-oxo-2-((S)-1-(2-phenylacetyl)piperidin-3-ylamino)ethyl)-2-(methylamino)propanamide	CN[C@@H](C)C(=O)N[C@@H](C1CCCCC1)C(=O)N[C@H]2CCCN(C2)C(=O)Cc3ccccc3	6.88605664769
CHEMBL1950731	(S)-Benzyl 3-((S)-2-cyclohexyl-2-((S)-2-(methylamino)propanamido)acetamido)piperidine-1-carboxylate	CN[C@@H](C)C(=O)N[C@@H](C1CCCCC1)C(=O)N[C@H]2CCCN(C2)C(=O)OCc3ccccc3	6.34678748622
CHEMBL1950732	(S)-N-((S)-2-((S)-1-benzylazepan-3-ylamino)-1-cyclohexyl-2-oxoethyl)-2-(methylamino)propanamide	CN[C@@H](C)C(=O)N[C@@H](C1CCCCC1)C(=O)N[C@H]2CCCCN(Cc3ccccc3)C2	6.56863623584
CHEMBL1950841	(S)-N-((S)-1-Cyclohexyl-2-oxo-2-((S)-1-phenethylazepan-3-ylamino)ethyl)-2-(methylamino)propanamide	CN[C@@H](C)C(=O)N[C@@H](C1CCCCC1)C(=O)N[C@H]2CCCCN(CCc3ccccc3)C2	7.09691001301
CHEMBL1950842	(S)-3,3-Dimethyl-2-((S)-2-(methylamino)propanamido)-N-((S)-1-phenethylpiperidin-3-yl)butanamide	CN[C@@H](C)C(=O)N[C@H](C(=O)N[C@H]1CCCN(CCc2ccccc2)C1)C(C)(C)C	7.58502665203
CHEMBL1950843	(S)-N-((S)-1-Cyclohexyl-2-(methyl((S)-1-phenethylpiperidin-3-yl)amino)-2-oxoethyl)-2-(methylamino)propanamide	CN[C@@H](C)C(=O)N[C@@H](C1CCCCC1)C(=O)N(C)[C@H]2CCCN(CCc3ccccc3)C2	7.35654732351
CHEMBL1950844	(S)-N-((S)-1-Cyclohexyl-2-((S)-1-(2,2-diphenylethyl)piperidin-3-ylamino)-2-oxoethyl)-2-(methylamino)propanamide	CN[C@@H](C)C(=O)N[C@@H](C1CCCCC1)C(=O)N[C@H]2CCCN(CC(c3ccccc3)c4ccccc4)C2	7.2076083105
CHEMBL1950845	(S)-N-((S)-1-Cyclohexyl-2-oxo-2-((S)-1-((R)-1,2,3,4-tetrahydronaphthalen-1-yl)piperidin-3-ylamino)ethyl)-2-(methylamino)propanamide	CN[C@@H](C)C(=O)N[C@@H](C1CCCCC1)C(=O)N[C@H]2CCCN(C2)[C@@H]3CCCc4ccccc34	5.70114692359
CHEMBL1950846	(S)-3,3-Dimethyl-2-((S)-2-(methylamino)propanamido)-N-((S)-1-(phenylsulfonyl)piperidin-3-yl)butanamide	CN[C@@H](C)C(=O)N[C@H](C(=O)N[C@H]1CCCN(C1)S(=O)(=O)c2ccccc2)C(C)(C)C	5.24033215531
CHEMBL1950847	(S)-N-((S)-1-(benzylsulfonyl)piperidin-3-yl)-3,3-dimethyl-2-((S)-2-(methylamino)propanamido)butanamide	CN[C@@H](C)C(=O)N[C@H](C(=O)N[C@H]1CCCN(C1)S(=O)(=O)Cc2ccccc2)C(C)(C)C	5.41005039867
CHEMBL1950848	(S)-N-((S)-1-Cyclohexyl-2-((S)-1-(2-fluorophenethyl)piperidin-3-ylamino)-2-oxoethyl)-2-(methylamino)propanamide	CN[C@@H](C)C(=O)N[C@@H](C1CCCCC1)C(=O)N[C@H]2CCCN(CCc3ccccc3F)C2	7.48148606012
CHEMBL1950849	(S)-N-((S)-1-Cyclohexyl-2-((S)-1-(3-fluorophenethyl)piperidin-3-ylamino)-2-oxoethyl)-2-(methylamino)propanamide	CN[C@@H](C)C(=O)N[C@@H](C1CCCCC1)C(=O)N[C@H]2CCCN(CCc3cccc(F)c3)C2	7.16749108729
CHEMBL1950850	(S)-N-((S)-1-Cyclohexyl-2-((S)-1-(4-fluorophenethyl)piperidin-3-ylamino)-2-oxoethyl)-2-(methylamino)propanamide	CN[C@@H](C)C(=O)N[C@@H](C1CCCCC1)C(=O)N[C@H]2CCCN(CCc3ccc(F)cc3)C2	7.7447274949
CHEMBL1950851	(S)-N-((S)-1-(4-Fluorophenethyl)piperidin-3-yl)-3,3-dimethyl-2-((S)-2-(methylamino)propanamido)butanamide	CN[C@@H](C)C(=O)N[C@H](C(=O)N[C@H]1CCCN(CCc2ccc(F)cc2)C1)C(C)(C)C	7.69897000434
CHEMBL1950852	(S)-N-((S)-1-(2-Methoxyphenethyl)piperidin-3-yl)-3,3-dimethyl-2-((S)-2-(methylamino)propanamido)butanamide	CN[C@@H](C)C(=O)N[C@H](C(=O)N[C@H]1CCCN(CCc2ccccc2OC)C1)C(C)(C)C	7.30102999566
CHEMBL1950853	(S)-N-((S)-1-(3-Methoxyphenethyl)piperidin-3-yl)-3,3-dimethyl-2-((S)-2-(methylamino)propanamido)butanamide	CN[C@@H](C)C(=O)N[C@H](C(=O)N[C@H]1CCCN(CCc2cccc(OC)c2)C1)C(C)(C)C	7.28399665637
CHEMBL1950854	(S)-N-((S)-1-(4-Methoxyphenethyl)piperidin-3-yl)-3,3-dimethyl-2-((S)-2-(methylamino)propanamido)butanamide	CN[C@@H](C)C(=O)N[C@H](C(=O)N[C@H]1CCCN(CCc2ccc(OC)cc2)C1)C(C)(C)C	7.04575749056
CHEMBL1950855	(S)-N-((S)-1-(4-Chlorophenethyl)piperidin-3-yl)-3,3-dimethyl-2-((S)-2-(methylamino)propanamido)butanamide	CN[C@@H](C)C(=O)N[C@H](C(=O)N[C@H]1CCCN(CCc2ccc(Cl)cc2)C1)C(C)(C)C	7.61978875829
CHEMBL1950856	(S)-N-((S)-1-(4-Bromophenethyl)piperidin-3-yl)-3,3-dimethyl-2-((S)-2-(methylamino)propanamido)butanamide	CN[C@@H](C)C(=O)N[C@H](C(=O)N[C@H]1CCCN(CCc2ccc(Br)cc2)C1)C(C)(C)C	7.61978875829
CHEMBL1950857	(S)-3,3-Dimethyl-2-((S)-2-(methylamino)propanamido)-N-((S)-1-(4-methylphenethyl)piperidin-3-yl)butanamide	CN[C@@H](C)C(=O)N[C@H](C(=O)N[C@H]1CCCN(CCc2ccc(C)cc2)C1)C(C)(C)C	7.52287874528
CHEMBL1950858	(S)-N-((S)-1-(4-Hydroxyphenethyl)piperidin-3-yl)-3,3-dimethyl-2-((S)-2-(methylamino)propanamido)butanamide	CN[C@@H](C)C(=O)N[C@H](C(=O)N[C@H]1CCCN(CCc2ccc(O)cc2)C1)C(C)(C)C	7.3767507096
CHEMBL1950859	(S)-3,3-Dimethyl-2-((S)-2-(methylamino)propanamido)-N-((S)-1-(4-nitrophenethyl)piperidin-3-yl)butanamide	CN[C@@H](C)C(=O)N[C@H](C(=O)N[C@H]1CCCN(CCc2ccc(cc2)[N+](=O)[O-])C1)C(C)(C)C	7.49485002168
CHEMBL1950860	(S)-3,3-Dimethyl-2-((S)-2-(methylamino)propanamido)-N-((S)-1-(4-(trifluoromethyl)phenethyl)piperidin-3-yl)butanamide	CN[C@@H](C)C(=O)N[C@H](C(=O)N[C@H]1CCCN(CCc2ccc(cc2)C(F)(F)F)C1)C(C)(C)C	7.30980391997
CHEMBL1950861	(S)-3,3-Dimethyl-2-((S)-2-(methylamino)propanamido)-N-((S)-1-(2-(pyridin-2-yl)ethyl)piperidin-3-yl)butanamide	CN[C@@H](C)C(=O)N[C@H](C(=O)N[C@H]1CCCN(CCc2ccccn2)C1)C(C)(C)C	6.52143350441
CHEMBL1950862	(S)-3,3-Dimethyl-2-((S)-2-(methylamino)propanamido)-N-((S)-1-(2-(pyridin-4-yl)ethyl)piperidin-3-yl)butanamide	CN[C@@H](C)C(=O)N[C@H](C(=O)N[C@H]1CCCN(CCc2ccncc2)C1)C(C)(C)C	6.22694530664
CHEMBL1950863	(S)-N-((S)-1-(2-(1H-indol-3-yl)ethyl)piperidin-3-yl)-3,3-dimethyl-2-((S)-2-(methylamino)propanamido)butanamide	CN[C@@H](C)C(=O)N[C@H](C(=O)N[C@H]1CCCN(CCc2c[nH]c3ccccc23)C1)C(C)(C)C	6.93930215965
CHEMBL1950864	(S)-N-((S)-1-Cyclohexyl-2-oxo-2-((1R,4S,6S)-2-phenethyl-2-azabicyclo[2.2.2]octan-6-ylamino)ethyl)-2-(methylamino)propanamide	CN[C@@H](C)C(=O)N[C@@H](C1CCCCC1)C(=O)N[C@H]2C[C@@H]3CC[C@H]2N(CCc4ccccc4)C3	8.39794000867
CHEMBL1957013	(3S,6S,7R,9aS)-N-benzhydryl-6-((S)-2-(methylamino)butanamido)-7-(2-(2-methylbenzylamino)ethyl)-5-oxooctahydro-1H-pyrrolo[1,2-a]azepine-3-carboxamide	CC[C@H](NC)C(=O)N[C@H]1[C@@H](CCNCc2ccccc2C)CC[C@H]3CC[C@H](N3C1=O)C(=O)NC(c4ccccc4)c5ccccc5	8.69897000434
CHEMBL1957014	(3S,6S,7R,9aS)-N-benzhydryl-6-((S)-2-(methylamino)butanamido)-7-(2-(3-methylbenzylamino)ethyl)-5-oxooctahydro-1H-pyrrolo[1,2-a]azepine-3-carboxamide	CC[C@H](NC)C(=O)N[C@H]1[C@@H](CCNCc2cccc(C)c2)CC[C@H]3CC[C@H](N3C1=O)C(=O)NC(c4ccccc4)c5ccccc5	8.69897000434
CHEMBL1957015	(3S,6S,7R,9aS)-N-benzhydryl-6-((S)-2-(methylamino)butanamido)-7-(2-(4-methylbenzylamino)ethyl)-5-oxooctahydro-1H-pyrrolo[1,2-a]azepine-3-carboxamide	CC[C@H](NC)C(=O)N[C@H]1[C@@H](CCNCc2ccc(C)cc2)CC[C@H]3CC[C@H](N3C1=O)C(=O)NC(c4ccccc4)c5ccccc5	8.69897000434
CHEMBL1957016	(3S,6S,7R,9aS)-N-benzhydryl-7-(2-(2-chlorobenzylamino)ethyl)-6-((S)-2-(methylamino)butanamido)-5-oxooctahydro-1H-pyrrolo[1,2-a]azepine-3-carboxamide	CC[C@H](NC)C(=O)N[C@H]1[C@@H](CCNCc2ccccc2Cl)CC[C@H]3CC[C@H](N3C1=O)C(=O)NC(c4ccccc4)c5ccccc5	8.69897000434
CHEMBL1957017	(3S,6S,7R,9aS)-N-benzhydryl-7-(2-(3-chlorobenzylamino)ethyl)-6-((S)-2-(methylamino)butanamido)-5-oxooctahydro-1H-pyrrolo[1,2-a]azepine-3-carboxamide	CC[C@H](NC)C(=O)N[C@H]1[C@@H](CCNCc2cccc(Cl)c2)CC[C@H]3CC[C@H](N3C1=O)C(=O)NC(c4ccccc4)c5ccccc5	8.69897000434
CHEMBL1957018	(3S,6S,7R,9aS)-N-benzhydryl-7-(2-(4-chlorobenzylamino)ethyl)-6-((S)-2-(methylamino)butanamido)-5-oxooctahydro-1H-pyrrolo[1,2-a]azepine-3-carboxamide	CC[C@H](NC)C(=O)N[C@H]1[C@@H](CCNCc2ccc(Cl)cc2)CC[C@H]3CC[C@H](N3C1=O)C(=O)NC(c4ccccc4)c5ccccc5	8.69897000434
CHEMBL1957019	(3S,6S,7R,9aS)-N-benzhydryl-7-(2-(2-fluorobenzylamino)ethyl)-6-((S)-2-(methylamino)butanamido)-5-oxooctahydro-1H-pyrrolo[1,2-a]azepine-3-carboxamide	CC[C@H](NC)C(=O)N[C@H]1[C@@H](CCNCc2ccccc2F)CC[C@H]3CC[C@H](N3C1=O)C(=O)NC(c4ccccc4)c5ccccc5	8.69897000434
CHEMBL1957020	(3S,6S,7R,9aS)-N-benzhydryl-7-(2-(3-fluorobenzylamino)ethyl)-6-((S)-2-(methylamino)butanamido)-5-oxooctahydro-1H-pyrrolo[1,2-a]azepine-3-carboxamide	CC[C@H](NC)C(=O)N[C@H]1[C@@H](CCNCc2cccc(F)c2)CC[C@H]3CC[C@H](N3C1=O)C(=O)NC(c4ccccc4)c5ccccc5	8.69897000434
CHEMBL1957021	(3S,6S,7R,9aS)-N-benzhydryl-7-(2-(4-fluorobenzylamino)ethyl)-6-((S)-2-(methylamino)butanamido)-5-oxooctahydro-1H-pyrrolo[1,2-a]azepine-3-carboxamide	CC[C@H](NC)C(=O)N[C@H]1[C@@H](CCNCc2ccc(F)cc2)CC[C@H]3CC[C@H](N3C1=O)C(=O)NC(c4ccccc4)c5ccccc5	8.69897000434
CHEMBL1957022	(3S,6S,7R,9aS)-N-benzhydryl-7-(2-(3,5-dichlorobenzylamino)ethyl)-6-((S)-2-(methylamino)butanamido)-5-oxooctahydro-1H-pyrrolo[1,2-a]azepine-3-carboxamide	CC[C@H](NC)C(=O)N[C@H]1[C@@H](CCNCc2cc(Cl)cc(Cl)c2)CC[C@H]3CC[C@H](N3C1=O)C(=O)NC(c4ccccc4)c5ccccc5	8.58502665203
CHEMBL1957023	(3S,6S,7R,9aS)-N-benzhydryl-7-(2-(3,5-difluorobenzylamino)ethyl)-6-((S)-2-(methylamino)butanamido)-5-oxooctahydro-1H-pyrrolo[1,2-a]azepine-3-carboxamide	CC[C@H](NC)C(=O)N[C@H]1[C@@H](CCNCc2cc(F)cc(F)c2)CC[C@H]3CC[C@H](N3C1=O)C(=O)NC(c4ccccc4)c5ccccc5	8.69897000434
CHEMBL1957024	(3S,6S,7R,9aS)-N-benzhydryl-6-((S)-2-(methylamino)butanamido)-5-oxo-7-(2-(4-(trifluoromethyl)benzylamino)ethyl)octahydro-1H-pyrrolo[1,2-a]azepine-3-carboxamide	CC[C@H](NC)C(=O)N[C@H]1[C@@H](CCNCc2ccc(cc2)C(F)(F)F)CC[C@H]3CC[C@H](N3C1=O)C(=O)NC(c4ccccc4)c5ccccc5	8.69897000434
CHEMBL1957025	(3S,6S,7R,9aS)-N-benzhydryl-7-(2-(4-tert-butylbenzylamino)ethyl)-6-((S)-2-(methylamino)butanamido)-5-oxooctahydro-1H-pyrrolo[1,2-a]azepine-3-carboxamide	CC[C@H](NC)C(=O)N[C@H]1[C@@H](CCNCc2ccc(cc2)C(C)(C)C)CC[C@H]3CC[C@H](N3C1=O)C(=O)NC(c4ccccc4)c5ccccc5	8.48148606012
CHEMBL1957026	(3S,6S,7R,9aS)-N-benzhydryl-7-(2-(4-methoxybenzylamino)ethyl)-6-((S)-2-(methylamino)butanamido)-5-oxooctahydro-1H-pyrrolo[1,2-a]azepine-3-carboxamide	CC[C@H](NC)C(=O)N[C@H]1[C@@H](CCNCc2ccc(OC)cc2)CC[C@H]3CC[C@H](N3C1=O)C(=O)NC(c4ccccc4)c5ccccc5	8.69897000434
CHEMBL1957105	(3S,6S,7R,9aS)-N-benzhydryl-6-((S)-2-(methylamino)butanamido)-7-(2-(4-nitrobenzylamino)ethyl)-5-oxooctahydro-1H-pyrrolo[1,2-a]azepine-3-carboxamide	CC[C@H](NC)C(=O)N[C@H]1[C@@H](CCNCc2ccc(cc2)[N+](=O)[O-])CC[C@H]3CC[C@H](N3C1=O)C(=O)NC(c4ccccc4)c5ccccc5	8.69897000434
CHEMBL1957106	methyl 4-((2-((3S,6S,7R,9aS)-3-(benzhydrylcarbamoyl)-6-((S)-2-(methylamino)butanamido)-5-oxooctahydro-1H-pyrrolo[1,2-a]azepin-7-yl)ethylamino)methyl)benzoate	CC[C@H](NC)C(=O)N[C@H]1[C@@H](CCNCc2ccc(cc2)C(=O)OC)CC[C@H]3CC[C@H](N3C1=O)C(=O)NC(c4ccccc4)c5ccccc5	8.69897000434
CHEMBL1957107	(3S,6S,7R,9aS)-7-(2-(4-aminobenzylamino)ethyl)-N-benzhydryl-6-((S)-2-(methylamino)butanamido)-5-oxooctahydro-1H-pyrrolo[1,2-a]azepine-3-carboxamide	CC[C@H](NC)C(=O)N[C@H]1[C@@H](CCNCc2ccc(N)cc2)CC[C@H]3CC[C@H](N3C1=O)C(=O)NC(c4ccccc4)c5ccccc5	8.69897000434
CHEMBL2158051	(5S,8S,10aR)-N-Benzhydryl-5-((S)-2-(methylamino)propanamido)-3-(3-methylbutanoyl)-6-oxodecahydropyrrolo[1,2-a][1,5]diazocine-8-carboxamide	CN[C@@H](C)C(=O)N[C@H]1CN(CC[C@H]2CC[C@H](N2C1=O)C(=O)NC(c3ccccc3)c4ccccc4)C(=O)CC(C)C	8.073099894478
CHEMBL2158052	(5S,8S,10aR)-5-((S)-3-(1H-Indol-3-yl)-2-(methylamino)propanamido)-N-benzhydryl-3-(3-methylbutanoyl)-6-oxodecahydropyrrolo[1,2-a][1,5]-diazocine-8-carboxamide	CN[C@@H](Cc1c[nH]c2ccccc12)C(=O)N[C@H]3CN(CC[C@H]4CC[C@H](N4C3=O)C(=O)NC(c5ccccc5)c6ccccc6)C(=O)CC(C)C	4.530793019948
CHEMBL2158053	(5S,8S,10aR)-5-((S)-2-(Methylamino)propanamido)-3-(3-methylbutanoyl)-6-oxo-N-((S)-(1-(10-(6-(5-((3aS,4S,6aR)-2-oxohexahydro-1H-thieno[3,4-d]imidazol-4-yl)pentanamido)hexanamido)decyl)-1H-1,2,3-triazol-4-yl)(phenyl)methyl)decahydropyrrolo[1,2-a][1,5]diazocine-8-carboxamide	CN[C@@H](C)C(=O)N[C@H]1CN(CC[C@H]2CC[C@H](N2C1=O)C(=O)N[C@@H](c3ccccc3)c4cn(CCCCCCCCCCNC(=O)CCCCCNC(=O)CCCC[C@@H]5SC[C@@H]6NC(=O)N[C@H]56)nn4)C(=O)CC(C)C	8.514858501346
CHEMBL2158054	2-(6-Hydroxy-3-oxo-3H-xanthen-9-yl)-5-((10-(4-((S)-((5S,8S,10aR)-5-((S)-2-(methylamino)propanamido)-3-(3-methylbutanoyl)-6-oxodecahydropyrrolo[1,2-a][1,5]diazocine-8-carboxamido)(phenyl)methyl)-1H-1,2,3-triazol-1-yl)decyl)carbamoyl)benzoic Acid	CN[C@@H](C)C(=O)N[C@H]1CN(CC[C@H]2CC[C@H](N2C1=O)C(=O)N[C@@H](c3ccccc3)c4cn(CCCCCCCCCCNC(=O)c5ccc(C6=C7C=CC(=O)C=C7Oc8cc(O)ccc68)c(c5)C(=O)O)nn4)C(=O)CC(C)C	8.669760461335999
CHEMBL2158599	(S,3S,3'S,6S,6'S,10aS,10a'S)-N,N'-((1S,1'S)-(1,1'-(octane-1,8-diyl)bis(1H-1,2,3-triazole-4,1-diyl))bis(phenylmethylene))bis(6-((S)-2-(methylamino)propanamido)-5-oxodecahydropyrrolo[1,2-a]azocine-3-carboxamide)	CN[C@@H](C)C(=O)N[C@H]1CCCC[C@H]2CC[C@H](N2C1=O)C(=O)N[C@@H](c3ccccc3)c4cn(CCCCCCCCn5cc(nn5)[C@@H](NC(=O)[C@@H]6CC[C@@H]7CCCC[C@H](NC(=O)[C@H](C)NC)C(=O)N67)c8ccccc8)nn4	8.684365232832999
CHEMBL2158600	(S,5S,5'S,8S,8'S,10aR,10a'R)-3,3'-Succinylbis(N-benzhydryl-5-((S)-2-(methylamino)propanamido)-6-oxodecahydropyrrolo-[1,2-a][1,5]diazocine-8-carboxamide)	CN[C@@H](C)C(=O)N[C@H]1CN(CC[C@H]2CC[C@H](N2C1=O)C(=O)NC(c3ccccc3)c4ccccc4)C(=O)CCC(=O)N5CC[C@H]6CC[C@H](N6C(=O)[C@H](C5)NC(=O)[C@H](C)NC)C(=O)NC(c7ccccc7)c8ccccc8	8.442215313163
CHEMBL2158601	(S,5S,5'S,8S,8'S,10aR,10a'R)-3,3'-Adipoylbis(N-benzhydryl-5-((S)-2-(methylamino)propanamido)-6-oxodecahydropyrrolo-[1,2-a][1,5]diazocine-8-carboxamide)	CN[C@@H](C)C(=O)N[C@H]1CN(CC[C@H]2CC[C@H](N2C1=O)C(=O)NC(c3ccccc3)c4ccccc4)C(=O)CCCCC(=O)N5CC[C@H]6CC[C@H](N6C(=O)[C@H](C5)NC(=O)[C@H](C)NC)C(=O)NC(c7ccccc7)c8ccccc8	8.629792998117999
CHEMBL2158602	(S,5S,5'S,8S,8'S,10aR,10a'R)-3,3'-Octanedioylbis(N-benzhydryl-5-((S)-2-(methylamino)propanamido)-6-oxodecahydropyrrolo[1,2-a][1,5]diazocine-8-carboxamide)	CN[C@@H](C)C(=O)N[C@H]1CN(CC[C@H]2CC[C@H](N2C1=O)C(=O)NC(c3ccccc3)c4ccccc4)C(=O)CCCCCCC(=O)N5CC[C@H]6CC[C@H](N6C(=O)[C@H](C5)NC(=O)[C@H](C)NC)C(=O)NC(c7ccccc7)c8ccccc8	8.250589402028
CHEMBL2158603	(S,5S,5'S,8S,8'S,10aR,10a'R)-3,3'-Decanedioylbis(N-benzhydryl-5-((S)-2-(methylamino)propanamido)-6-oxodecahydropyrrolo[1,2-a][1,5]diazocine-8-carboxamide)	CN[C@@H](C)C(=O)N[C@H]1CN(CC[C@H]2CC[C@H](N2C1=O)C(=O)NC(c3ccccc3)c4ccccc4)C(=O)CCCCCCCCC(=O)N5CC[C@H]6CC[C@H](N6C(=O)[C@H](C5)NC(=O)[C@H](C)NC)C(=O)NC(c7ccccc7)c8ccccc8	8.051619397692999
CHEMBL2158604	(S,5S,5'S,8S,8'S,10aR,10a'R)-3,3'-Dodecanedioylbis(N-benzhydryl-5-((S)-2-(methylamino)propanamido)-6-oxodecahydropyrrolo[1,2-a][1,5]diazocine-8-carboxamide)	CN[C@@H](C)C(=O)N[C@H]1CN(CC[C@H]2CC[C@H](N2C1=O)C(=O)NC(c3ccccc3)c4ccccc4)C(=O)CCCCCCCCCCC(=O)N5CC[C@H]6CC[C@H](N6C(=O)[C@H](C5)NC(=O)[C@H](C)NC)C(=O)NC(c7ccccc7)c8ccccc8	8.071341607618
CHEMBL2158605	(S,5S,5'S,8S,8'S,10aR,10a'R)-3,3'-(5,5'-(1,4-Phenylene)bis-(pentanoyl))bis(N-benzhydryl-5-((S)-2-(methylamino)-propanamido)-6-oxodecahydropyrrolo[1,2-a][1,5]diazocine-8-carboxamide)	CN[C@@H](C)C(=O)N[C@H]1CN(CC[C@H]2CC[C@H](N2C1=O)C(=O)NC(c3ccccc3)c4ccccc4)C(=O)CCCCc5ccc(CCCCC(=O)N6CC[C@H]7CC[C@H](N7C(=O)[C@H](C6)NC(=O)[C@H](C)NC)C(=O)NC(c8ccccc8)c9ccccc9)cc5	7.905955627582999
CHEMBL2158606	(S,5S,5'S,8S,8'S,10aR,10a'R)-3,3'-(5,5'-Oxybis(pentanoyl))-bis(N-benzhydryl-5-((S)-2-(methylamino)propanamido)-6-oxodecahydropyrrolo[1,2-a][1,5]diazocine-8-carboxamide)	CN[C@@H](C)C(=O)N[C@H]1CN(CC[C@H]2CC[C@H](N2C1=O)C(=O)NC(c3ccccc3)c4ccccc4)C(=O)CCCCOCCCCC(=O)N5CC[C@H]6CC[C@H](N6C(=O)[C@H](C5)NC(=O)[C@H](C)NC)C(=O)NC(c7ccccc7)c8ccccc8	8.253129164793
CHEMBL2158607	(S,5S,5'S,8S,8'S,10aR,10a'R)-3,3'-Terephthaloylbis(N-benzhydryl-5-((S)-2-(methylamino)propanamido)-6-oxodecahydropyrrolo[1,2-a][1,5]diazocine-8-carboxamide)	CN[C@@H](C)C(=O)N[C@H]1CN(CC[C@H]2CC[C@H](N2C1=O)C(=O)NC(c3ccccc3)c4ccccc4)C(=O)c5ccc(cc5)C(=O)N6CC[C@H]7CC[C@H](N7C(=O)[C@H](C6)NC(=O)[C@H](C)NC)C(=O)NC(c8ccccc8)c9ccccc9	7.816110069822999
CHEMBL2204566	(S,3S,3'S,6S,6'S,7R,7'R)-N,N'-((1S,19S)-2,18-dioxo-1,19-diphenyl-7,10,13-trioxa-3,17-diazanonadecane-1,19-diyl)bis(7-(2-aminoethyl)-6-((S)-2-(methylamino)butanamido)-5-oxooctahydro-1H-pyrrolo[1,2-a]azepine-3-carboxamide)di-2,2,2-trifluoroacetate	CC[C@H](NC)C(=O)N[C@H]1[C@@H](CCN)CC[C@H]2CC[C@H](N2C1=O)C(=O)N[C@H](C(=O)NCCCOCCOCCOCCCNC(=O)[C@@H](NC(=O)[C@@H]3CC[C@@H]4CC[C@H](CCN)[C@H](NC(=O)[C@H](CC)NC)C(=O)N34)c5ccccc5)c6ccccc6.OC(=O)C(F)(F)F	9.0
CHEMBL2204567	(3S,6S,7R)-N-benzhydryl-7-(2-(3-(1-((3S)-1-((3S,6S,7S)-7-(hydroxymethyl)-6-((R)-2-(methylamino)butanamido)-5-oxooctahydro-1H-pyrrolo[1,2-a]azepin-3-yl)-1,4-dioxo-3-phenyl-8,11,14-trioxa-2,5-diazahexadecan-16-yl)-1H-1,2,3-triazol-4-yl)propanamido)ethyl)-6-((R)-2-(methylamino)butanamido)-5-oxooctahydro-1H-pyrrolo[1,2-a]azepine-3-carboxamide di-2,2,2-trifluoroacetate	CC[C@H](NC)C(=O)N[C@H]1[C@@H](CO)CC[C@H]2CC[C@H](N2C1=O)C(=O)N[C@H](C(=O)NCCOCCOCCOCCn3cc(CCC(=O)NCC[C@H]4CC[C@H]5CC[C@H](N5C(=O)[C@H]4NC(=O)[C@H](CC)NC)C(=O)NC(c6ccccc6)c7ccccc7)nn3)c8ccccc8.OC(=O)C(F)(F)F	8.82390874094
CHEMBL2204568	(3S,6S,7R)-N-benzhydryl-7-((4-((3S)-1-((3S,6S,7S)-7-(hydroxymethyl)-6-((R)-2-(methylamino)butanamido)-5-oxooctahydro-1H-pyrrolo[1,2-a]azepin-3-yl)-1,4,18-trioxo-3-phenyl-8,11,14-trioxa-2,5,17-triazaicosan-20-yl)-1H-1,2,3-triazol-1-yl)methyl)-6-((R)-2-(methylamino)butanamido)-5-oxooctahydro-1H-pyrrolo[1,2-a]azepine-3-carboxamide di-2,2,2-trifluoroacetate	CC[C@H](NC)C(=O)N[C@H]1[C@@H](CO)CC[C@H]2CC[C@H](N2C1=O)C(=O)N[C@H](C(=O)NCCOCCOCCOCCNC(=O)CCc3cn(C[C@H]4CC[C@H]5CC[C@H](N5C(=O)[C@H]4NC(=O)[C@H](CC)NC)C(=O)NC(c6ccccc6)c7ccccc7)nn3)c8ccccc8.OC(=O)C(F)(F)F	8.30102999566
CHEMBL2204569	(3S,6S,7R)-N-benzhydryl-7-((3S)-1-((3S,6S,7S)-7-(hydroxymethyl)-6-((R)-2-(methylamino)butanamido)-5-oxooctahydro-1H-pyrrolo[1,2-a]azepin-3-yl)-1,4,18,22-tetraoxo-3-phenyl-8,11,14,20-tetraoxa-2,5,17,23-tetraazatetracosan-24-yl)-6-((R)-2-(methylamino)butanamido)-5-oxooctahydro-1H-pyrrolo[1,2-a]azepine-3-carboxamide di-2,2,2-trifluoroacetate	CC[C@H](NC)C(=O)N[C@H]1[C@@H](CO)CC[C@H]2CC[C@H](N2C1=O)C(=O)N[C@H](C(=O)NCCOCCOCCOCCNC(=O)COCC(=O)NC[C@H]3CC[C@H]4CC[C@H](N4C(=O)[C@H]3NC(=O)[C@H](CC)NC)C(=O)NC(c5ccccc5)c6ccccc6)c7ccccc7.OC(=O)C(F)(F)F	8.49485002168
CHEMBL2204570	(3S,6S,7R)-6-((R)-2-aminobutanamido)-N-benzhydryl-7-((4-(((2R,3S)-3-((S)-2-(methylamino)propanamido)-4-oxo-4-((S)-2-((5-(phenylthio)-1H-tetrazol-1-yl)methyl)pyrrolidin-1-yl)butan-2-yloxy)methyl)-1H-1,2,3-triazol-1-yl)methyl)-5-oxooctahydro-1H-pyrrolo[1,2-a]azepine-3-carboxamide	CC[C@H](N)C(=O)N[C@H]1[C@@H](Cn2cc(CO[C@H](C)[C@H](NC(=O)[C@H](C)NC)C(=O)N3CCC[C@H]3Cn4nnnc4Sc5ccccc5)nn2)CC[C@H]6CC[C@H](N6C1=O)C(=O)NC(c7ccccc7)c8ccccc8	9.0
CHEMBL2204571	(2S,2'S)-N,N'-((S,2S,2'S,3S,3'S)-3,3'-(hexa-2,4-diyne-1,6-diylbis(oxy))bis(1-oxo-1-((S)-2-((5-(phenylthio)-1H-tetrazol-1-yl)methyl)pyrrolidin-1-yl)butane-3,2-diyl))bis(2-(methylamino)propanamide)	CN[C@@H](C)C(=O)N[C@@H]([C@H](C)OCC#CC#CCO[C@@H](C)[C@H](NC(=O)[C@H](C)NC)C(=O)N1CCC[C@H]1Cn2nnnc2Sc3ccccc3)C(=O)N4CCC[C@H]4Cn5nnnc5Sc6ccccc6	7.89962945488
CHEMBL2204572	(3S,6S,7R,9aS)-N-benzhydryl-7-((1-(((3S,6S,7R)-3-(benzhydrylcarbamoyl)-6-((S)-2-(methylamino)butanamido)-5-oxooctahydro-1H-pyrrolo[1,2-a]azepin-7-yl)methyl)-1H-1,2,3-triazole-4-carboxamido)methyl)-6-((S)-2-(methylamino)butanamido)-5-oxooctahydro-1H-pyrrolo[1,2-a]azepine-3-carboxamide di-2,2,2-trifluoroacetate	CC[C@H](NC)C(=O)N[C@H]1[C@@H](CNC(=O)c2cn(C[C@H]3CC[C@H]4CC[C@H](N4C(=O)[C@H]3NC(=O)[C@H](CC)NC)C(=O)NC(c5ccccc5)c6ccccc6)nn2)CC[C@H]7CC[C@H](N7C1=O)C(=O)NC(c8ccccc8)c9ccccc9.OC(=O)C(F)(F)F	8.76955107862
CHEMBL2204573	(3S,6S,7R)-N-benzhydryl-7-((3-(1-(((3S,6S,7R,9aS)-3-(benzhydrylcarbamoyl)-6-((S)-2-(methylamino)butanamido)-5-oxooctahydro-1H-pyrrolo[1,2-a]azepin-7-yl)methyl)-1H-1,2,3-triazol-4-yl)propanamido)methyl)-6-((S)-2-(methylamino)butanamido)-5-oxooctahydro-1H-pyrrolo[1,2-a]azepine-3-carboxamide di-2,2,2-trifluoroacetate	CC[C@H](NC)C(=O)N[C@H]1[C@@H](CNC(=O)CCc2cn(C[C@H]3CC[C@H]4CC[C@H](N4C(=O)[C@H]3NC(=O)[C@H](CC)NC)C(=O)NC(c5ccccc5)c6ccccc6)nn2)CC[C@H]7CC[C@H](N7C1=O)C(=O)NC(c8ccccc8)c9ccccc9.OC(=O)C(F)(F)F	8.5376020021
CHEMBL2204574	N1,N12-bis(((3S,6S,7R,9aS)-3-(benzhydrylcarbamoyl)-6-((S)-2-(methylamino)butanamido)-5-oxooctahydro-1H-pyrrolo[1,2-a]azepin-7-yl)methyl)dodeca-5,7-diynediamide di-2,2,2-trifluoroacetate	CC[C@H](NC)C(=O)N[C@H]1[C@@H](CNC(=O)CCCC#CC#CCCCC(=O)NC[C@H]2CC[C@H]3CC[C@H](N3C(=O)[C@H]2NC(=O)[C@H](CC)NC)C(=O)NC(c4ccccc4)c5ccccc5)CC[C@H]6CC[C@H](N6C1=O)C(=O)NC(c7ccccc7)c8ccccc8.OC(=O)C(F)(F)F	8.85387196432
CHEMBL2204575	N1,N10-bis(((3S,6S,7R,9aS)-3-(benzhydrylcarbamoyl)-6-((S)-2-(methylamino)butanamido)-5-oxooctahydro-1H-pyrrolo[1,2-a]azepin-7-yl)methyl)decanediamide di-2,2,2-trifluoroacetate	CC[C@H](NC)C(=O)N[C@H]1[C@@H](CNC(=O)CCCCCCCCC(=O)NC[C@H]2CC[C@H]3CC[C@H](N3C(=O)[C@H]2NC(=O)[C@H](CC)NC)C(=O)NC(c4ccccc4)c5ccccc5)CC[C@H]6CC[C@H](N6C1=O)C(=O)NC(c7ccccc7)c8ccccc8.OC(=O)C(F)(F)F	8.85387196432
CHEMBL2204576	(S,3S,3'S,6S,6'S,7R,7'R,9aS,9a'S)-7,7'-(3,13-dioxo-5,8,11-trioxa-2,14-diazapentadecane-1,15-diyl)bis(N-benzhydryl-6-((S)-2-(methylamino)butanamido)-5-oxooctahydro-1H-pyrrolo[1,2-a]azepine-3-carboxamide)di-2,2,2-trifluoroacetate	CC[C@H](NC)C(=O)N[C@H]1[C@@H](CNC(=O)COCCOCCOCC(=O)NC[C@H]2CC[C@H]3CC[C@H](N3C(=O)[C@H]2NC(=O)[C@H](CC)NC)C(=O)NC(c4ccccc4)c5ccccc5)CC[C@H]6CC[C@H](N6C1=O)C(=O)NC(c7ccccc7)c8ccccc8.OC(=O)C(F)(F)F	8.76955107862
CHEMBL2204577	N1,N14-bis(((3S,6S,7R,9aS)-3-(benzhydrylcarbamoyl)-6-((S)-2-(methylamino)butanamido)-5-oxooctahydro-1H-pyrrolo[1,2-a]azepin-7-yl)methyl)-3,6,9,12-tetraoxatetradecane-1,14-diamide di-2,2,2-trifluoroacetate	CC[C@H](NC)C(=O)N[C@H]1[C@@H](CNC(=O)COCCOCCOCCOCC(=O)NC[C@H]2CC[C@H]3CC[C@H](N3C(=O)[C@H]2NC(=O)[C@H](CC)NC)C(=O)NC(c4ccccc4)c5ccccc5)CC[C@H]6CC[C@H](N6C1=O)C(=O)NC(c7ccccc7)c8ccccc8.OC(=O)C(F)(F)F	9.0
CHEMBL2204578	N1-(((3S,6S,7R)-3-(benzhydrylcarbamoyl)-6-((S)-2-(methylamino)butanamido)-5-oxooctahydro-1H-pyrrolo[1,2-a]azepin-7-yl)methyl)-N15-(((3S,6S,7R,9aS)-3-(benzhydrylcarbamoyl)-6-((S)-2-(methylamino)butanamido)-5-oxooctahydro-1H-pyrrolo[1,2-a]azepin-7-yl)methyl)pentadeca-6,8-diynediamide di-2,2,2-trifluoroacetate	CC[C@H](NC)C(=O)N[C@H]1[C@@H](CNC(=O)CCCCCC#CC#CCCCCC(=O)NC[C@H]2CC[C@H]3CC[C@H](N3C(=O)[C@H]2NC(=O)[C@H](CC)NC)C(=O)NC(c4ccccc4)c5ccccc5)CC[C@H]6CC[C@H](N6C1=O)C(=O)NC(c7ccccc7)c8ccccc8.OC(=O)C(F)(F)F	8.42021640338
CHEMBL2204579	(3S,6S,7R,9aS)-7-{[5-(1-{4-[4-(4-{4-[4-({[(3S,6S,7R,9aS)-3-[(diphenylmethyl)carbamoyl]-6-[(2S)-2-(methylamino)butanamido]-5-oxo-octahydro-1H-pyrrolo[1,2-a]azepin-7-yl]methyl}carbamoyl)butyl]-1H-1,2,3-triazol-1-yl}butyl)phenyl]butyl}-1H-1,2,3-triazol-4-yl)pentanamido]methyl}-N-(diphenylmethyl)-6-[(2S)-2-(methylamino)butanamido]-5-oxo-octahydro-1H-pyrrolo[1,2-a]azepine-3-carboxamide; trifluoroacetic acid	CC[C@H](NC)C(=O)N[C@H]1[C@@H](CNC(=O)CCCCc2cn(CCCCc3ccc(CCCCn4cc(CCCCC(=O)NC[C@H]5CC[C@H]6CC[C@H](N6C(=O)[C@H]5NC(=O)[C@H](CC)NC)C(=O)NC(c7ccccc7)c8ccccc8)nn4)cc3)nn2)CC[C@H]9CC[C@H](N9C1=O)C(=O)NC(c%10ccccc%10)c%11ccccc%11.OC(=O)C(F)(F)F	8.45593195565
CHEMBL2204580	(3S,6S,7R,9aS)-7-({3-[(2-{[2-({[(3S,6S,7R,9aS)-3-[(diphenylmethyl)carbamoyl]-6-[(2S)-2-(methylamino)butanamido]-5-oxo-octahydro-1H-pyrrolo[1,2-a]azepin-7-yl]methyl}carbamoyl)ethyl]amino}-3,4-dioxocyclobut-1-en-1-yl)amino]propanamido}methyl)-N-(diphenylmethyl)-6-[(2S)-2-(methylamino)butanamido]-5-oxo-octahydro-1H-pyrrolo[1,2-a]azepine-3-carboxamide; trifluoroacetic acid	CC[C@H](NC)C(=O)N[C@H]1[C@@H](CNC(=O)CCNC2=C(NCCC(=O)NC[C@H]3CC[C@H]4CC[C@H](N4C(=O)[C@H]3NC(=O)[C@H](CC)NC)C(=O)NC(c5ccccc5)c6ccccc6)C(=O)C2=O)CC[C@H]7CC[C@H](N7C1=O)C(=O)NC(c8ccccc8)c9ccccc9.OC(=O)C(F)(F)F	9.0
CHEMBL2204581	(S,3S,3'S,6S,6'S,7S,7'S,9aS,9a'S)-N,N'-((1S,1'S)-(1,1'-(4,4'-(1,4-phenylene)bis(butane-4,1-diyl))bis(1H-1,2,3-triazole-4,1-diyl))bis(phenylmethylene))bis(7-(hydroxymethyl)-6-((S)-2-(methylamino)butanamido)-5-oxooctahydro-1H-pyrrolo[1,2-a]azepine-3-carboxamide)di-2,2,2-trifluoroacetate	CC[C@H](NC)C(=O)N[C@H]1[C@@H](CO)CC[C@H]2CC[C@H](N2C1=O)C(=O)N[C@@H](c3ccccc3)c4cn(CCCCc5ccc(CCCCn6cc(nn6)[C@@H](NC(=O)[C@@H]7CC[C@@H]8CC[C@H](CO)[C@H](NC(=O)[C@H](CC)NC)C(=O)N78)c9ccccc9)cc5)nn4.OC(=O)C(F)(F)F	8.26760624018
CHEMBL2204582	(S,3S,3'S,6S,6'S,7S,7'S,9aS,9a'S)-N,N'-((1S,1'S)-2,2'-(octane-1,8-diylbis(azanediyl))bis(2-oxo-1-phenylethane-2,1-diyl))bis(7-(hydroxymethyl)-6-((S)-2-(methylamino)butanamido)-5-oxooctahydro-1H-pyrrolo[1,2-a]azepine-3-carboxamide)di-2,2,2-trifluoroacetate	CC[C@H](NC)C(=O)N[C@H]1[C@@H](CO)CC[C@H]2CC[C@H](N2C1=O)C(=O)N[C@H](C(=O)NCCCCCCCCNC(=O)[C@@H](NC(=O)[C@@H]3CC[C@@H]4CC[C@H](CO)[C@H](NC(=O)[C@H](CC)NC)C(=O)N34)c5ccccc5)c6ccccc6.OC(=O)C(F)(F)F	8.72124639905
CHEMBL2205246	(S,3S,3'S,6S,6'S,7S,7'S,9aS,9a'S)-N,N'-((1S,19S)-2,18-dioxo-1,19-diphenyl-7,10,13-trioxa-3,17-diazanonadecane-1,19-diyl)bis(7-(hydroxymethyl)-6-((S)-2-(methylamino)butanamido)-5-oxooctahydro-1H-pyrrolo[1,2-a]azepine-3-carboxamide)di-2,2,2-trifluoroacetate	CC[C@H](NC)C(=O)N[C@H]1[C@@H](CO)CC[C@H]2CC[C@H](N2C1=O)C(=O)N[C@H](C(=O)NCCCOCCOCCOCCCNC(=O)[C@@H](NC(=O)[C@@H]3CC[C@@H]4CC[C@H](CO)[C@H](NC(=O)[C@H](CC)NC)C(=O)N34)c5ccccc5)c6ccccc6.OC(=O)C(F)(F)F	8.82390874094
CHEMBL2205247	(S,3S,3'S,6S,6'S,7S,7'S,9aS,9a'S)-N,N'-((1S,1'S)-2,2'-(5,5'-(3,4-dioxocyclobut-1-ene-1,2-diyl)bis(azanediyl)bis(pentane-5,1-diyl))bis(azanediyl)bis(2-oxo-1-phenylethane-2,1-diyl))bis(7-(hydroxymethyl)-6-((S)-2-(methylamino)butanamido)-5-oxooctahydro-1H-pyrrolo[1,2-a]azepine-3-carboxamide)di-2,2,2-trifluoroacetate	CC[C@H](NC)C(=O)N[C@H]1[C@@H](CO)CC[C@H]2CC[C@H](N2C1=O)C(=O)N[C@H](C(=O)NCCCCCNC3=C(NCCCCCNC(=O)[C@@H](NC(=O)[C@@H]4CC[C@@H]5CC[C@H](CO)[C@H](NC(=O)[C@H](CC)NC)C(=O)N45)c6ccccc6)C(=O)C3=O)c7ccccc7.OC(=O)C(F)(F)F	8.58502665203
CHEMBL2205248	N1,N10-bis(2-((S)-2-((3S,6S,7S,9aS)-7-(hydroxymethyl)-6-((S)-2-(methylamino)butanamido)-5-oxooctahydro-1H-pyrrolo[1,2-a]azepine-3-carboxamido)-2-phenylacetamido)ethyl)deca-4,6-diynediamide di-2,2,2-trifluoroacetate	CC[C@H](NC)C(=O)N[C@H]1[C@@H](CO)CC[C@H]2CC[C@H](N2C1=O)C(=O)N[C@H](C(=O)NCCNC(=O)CCC#CC#CCCC(=O)NCCNC(=O)[C@@H](NC(=O)[C@@H]3CC[C@@H]4CC[C@H](CO)[C@H](NC(=O)[C@H](CC)NC)C(=O)N34)c5ccccc5)c6ccccc6.OC(=O)C(F)(F)F	8.95860731484
CHEMBL2205249	(S,3S,3'S,6S,6'S,7R,7'R,9aS,9a'S)-N,N'-((1S,1'S)-(1,1'-(4,4'-(1,4-phenylene)bis(butane-4,1-diyl))bis(1H-1,2,3-triazole-4,1-diyl))bis(phenylmethylene))bis(7-((benzylamino)methyl)-6-((S)-2-(methylamino)butanamido)-5-oxooctahydro-1H-pyrrolo[1,2-a]azepine-3-carboxamide)di-2,2,2-trifluoroacetate	CC[C@H](NC)C(=O)N[C@H]1[C@@H](CNCc2ccccc2)CC[C@H]3CC[C@H](N3C1=O)C(=O)N[C@@H](c4ccccc4)c5cn(CCCCc6ccc(CCCCn7cc(nn7)[C@@H](NC(=O)[C@@H]8CC[C@@H]9CC[C@H](CNCc%10ccccc%10)[C@H](NC(=O)[C@H](CC)NC)C(=O)N89)c%11ccccc%11)cc6)nn5.OC(=O)C(F)(F)F	7.75448733219
CHEMBL2348613	(S,5S,5'S,8S,8'S,10aR,10a'R)-3,3'-(3,3'-(1,4-Phenylene)bis-(propanoyl))bi s(N-benzhydryl-5-((S)-2-(methylamino)-propanamido)-6-oxodecahydropyrrolo[1,2-a][1,5]diazocine-8-carboxamide)	CN[C@@H](C)C(=O)N[C@H]1CN(CC[C@H]2CC[C@H](N2C1=O)C(=O)NC(c3ccccc3)c4ccccc4)C(=O)CCc5ccc(CCC(=O)N6CC[C@H]7CC[C@H](N7C(=O)[C@H](C6)NC(=O)[C@H](C)NC)C(=O)NC(c8ccccc8)c9ccccc9)cc5	7.252699553357999
CHEMBL2348614	(S,5S,5'S,8S,8'S,10aR,10a'R)-3,3'-(2,2'-(1,4-Phenylene)bis-(acetyl))bis(N-benzhydryl-5-((S)-2-(methylamino)propanamido)-6-oxodecahydropyrrolo[1,2-a][1,5]diazocine-8-carboxamide)	CN[C@@H](C)C(=O)N[C@H]1CN(CC[C@H]2CC[C@H](N2C1=O)C(=O)NC(c3ccccc3)c4ccccc4)C(=O)Cc5ccc(CC(=O)N6CC[C@H]7CC[C@H](N7C(=O)[C@H](C6)NC(=O)[C@H](C)NC)C(=O)NC(c8ccccc8)c9ccccc9)cc5	7.680521818498001
CHEMBL2348615	(S,5S,5'S,8S,8'S,10aR,10a'R)-N3,N3'-(octane-1,8-diyl)bis(N8-benzhydryl-5-((S)-2-(methylamino)propanamido)-6-oxooctahydropyrrolo[1,2-a][1,5]diazocine-3,8(4H)-dicarboxamide)	CN[C@@H](C)C(=O)N[C@H]1CN(CC[C@H]2CC[C@H](N2C1=O)C(=O)NC(c3ccccc3)c4ccccc4)C(=O)NCCCCCCCCNC(=O)N5CC[C@H]6CC[C@H](N6C(=O)[C@H](C5)NC(=O)[C@H](C)NC)C(=O)NC(c7ccccc7)c8ccccc8	7.444351489733
CHEMBL2348616	(S,5S,5'S,8S,8'S,10aR,10a'R)-N3,N3'-(butane-1,4-diyl)bis(N8-benzhydryl-5-((S)-2-(methylamino)propanamido)-6-oxooctahydropyrrolo[1,2-a][1,5]diazocine-3,8(4H)-dicarboxamide)	CN[C@@H](C)C(=O)N[C@H]1CN(CC[C@H]2CC[C@H](N2C1=O)C(=O)NC(c3ccccc3)c4ccccc4)C(=O)NCCCCNC(=O)N5CC[C@H]6CC[C@H](N6C(=O)[C@H](C5)NC(=O)[C@H](C)NC)C(=O)NC(c7ccccc7)c8ccccc8	7.781979205988
CHEMBL2348617	(S,5S,5'S,8S,8'S,10aR,10a'R)-3,3'-(piperazine-1,4-diylbis(oxomethylene))bis(N-benzhydryl-5-((S)-2-(methylamino)propanamido)-6-oxodecahydropyrrolo[1,2-a][1,5]diazocine-8-carboxamide)	CN[C@@H](C)C(=O)N[C@H]1CN(CC[C@H]2CC[C@H](N2C1=O)C(=O)NC(c3ccccc3)c4ccccc4)C(=O)N5CCN(CC5)C(=O)N6CC[C@H]7CC[C@H](N7C(=O)[C@H](C6)NC(=O)[C@H](C)NC)C(=O)NC(c8ccccc8)c9ccccc9	7.618441377562999
CHEMBL2348618	(S,5S,5'S,8S,8'S,10aR,10a'R)-N3,N3'-((1S,4S)-cyclohexane-1,4-diyl)bis(N8-benzhydryl-5-((S)-2-(methylamino)propanamido)-6-oxooctahydropyrrolo[1,2-a][1,5]diazocine-3,8(4H)-dicarboxamide)	CN[C@@H](C)C(=O)N[C@H]1CN(CC[C@H]2CC[C@H](N2C1=O)C(=O)NC(c3ccccc3)c4ccccc4)C(=O)N[C@@H]5CC[C@H](CC5)NC(=O)N6CC[C@H]7CC[C@H](N7C(=O)[C@H](C6)NC(=O)[C@H](C)NC)C(=O)NC(c8ccccc8)c9ccccc9	7.648371657523
CHEMBL2348619	(S,5S,5'S,8S,8'S,10aR,10a'R)-N3,N3'-(4,4'-oxybis(4,1-phenylene))bis(N8-benzhydryl-5-((S)-2-(methylamino)propanamido)-6-oxooctahydropyrrolo[1,2-a][1,5]diazocine-3,8(4H)-dicarboxamide)	CN[C@@H](C)C(=O)N[C@H]1CN(CC[C@H]2CC[C@H](N2C1=O)C(=O)NC(c3ccccc3)c4ccccc4)C(=O)Nc5ccc(Oc6ccc(NC(=O)N7CC[C@H]8CC[C@H](N8C(=O)[C@H](C7)NC(=O)[C@H](C)NC)C(=O)NC(c9ccccc9)c%10ccccc%10)cc6)cc5	8.167222934253001
CHEMBL2348620	(S,5S,5'S,8S,8'S,10aR,10a'R)-N3,N3'-(4,4'-methylenebis(4,1-phenylene))bis(N8-benzhydryl-5-((S)-2-(methylamino)propanamido)-6-oxooctahydropyrrolo[1,2-a][1,5]diazocine-3,8(4H)-dicarboxamide)	CN[C@@H](C)C(=O)N[C@H]1CN(CC[C@H]2CC[C@H](N2C1=O)C(=O)NC(c3ccccc3)c4ccccc4)C(=O)Nc5ccc(Cc6ccc(NC(=O)N7CC[C@H]8CC[C@H](N8C(=O)[C@H](C7)NC(=O)[C@H](C)NC)C(=O)NC(c9ccccc9)c%10ccccc%10)cc6)cc5	7.6856720406329995
CHEMBL2348621	(S,5S,5'S,8S,8'S,10aR,10a'R)-N3,N3'-(1,3-phenylenebis(methylene))bis(N8-benzhydryl-5-((S)-2-(methylamino)propanamido)-6-oxooctahydropyrrolo[1,2-a][1,5]diazocine-3,8(4H)-dicarboxamide)	CN[C@@H](C)C(=O)N[C@H]1CN(CC[C@H]2CC[C@H](N2C1=O)C(=O)NC(c3ccccc3)c4ccccc4)C(=O)NCc5cccc(CNC(=O)N6CC[C@H]7CC[C@H](N7C(=O)[C@H](C6)NC(=O)[C@H](C)NC)C(=O)NC(c8ccccc8)c9ccccc9)c5	7.7025050402929995
CHEMBL2348622	(S,5S,5'S,8S,8'S,10aR,10a'R)-N3,N3'-(1,3-phenylene)bis(N8-benzhydryl-5-((S)-2-(methylamino)propanamido)-6-oxooctahydropyrrolo[1,2-a][1,5]diazocine-3,8(4H)-dicarboxamide)	CN[C@@H](C)C(=O)N[C@H]1CN(CC[C@H]2CC[C@H](N2C1=O)C(=O)NC(c3ccccc3)c4ccccc4)C(=O)Nc5cccc(NC(=O)N6CC[C@H]7CC[C@H](N7C(=O)[C@H](C6)NC(=O)[C@H](C)NC)C(=O)NC(c8ccccc8)c9ccccc9)c5	7.512745363323001
CHEMBL2348623	(S,5S,5'S,8S,8'S,10aR,10a'R)-N3,N3'-(1,4-phenylene)bis(N8-benzhydryl-5-((S)-2-(methylamino)propanamido)-6-oxooctahydropyrrolo[1,2-a][1,5]diazocine-3,8(4H)-dicarboxamide)	CN[C@@H](C)C(=O)N[C@H]1CN(CC[C@H]2CC[C@H](N2C1=O)C(=O)NC(c3ccccc3)c4ccccc4)C(=O)Nc5ccc(NC(=O)N6CC[C@H]7CC[C@H](N7C(=O)[C@H](C6)NC(=O)[C@H](C)NC)C(=O)NC(c8ccccc8)c9ccccc9)cc5	7.805098521712999
CHEMBL2365533	(3S,8aR)-2-{(2S)-2-Cyclohexyl-2-[(N-methyl-L-alanyl)amino]acetyl}-N-[(4R)-3,4-dihydro-2H-chromen-4-yl]octahydropyrrolo[1,2-a]pyrazine-3-carboxamide	CN[C@@H](C)C(=O)N[C@@H](C1CCCCC1)C(=O)N2C[C@H]3CCCN3C[C@H]2C(=O)N[C@@H]4CCOc5ccccc45	8.67778070527
CHEMBL2431768	(S)-N-((S)-1-cyclohexyl-2-((S)-2-(4-(4-fluorobenzoyl)thiazol-2-yl)pyrrolidin-1-yl)-2-oxoethyl)-2-(methylamino)propanamide	CN[C@@H](C)C(=O)N[C@@H](C1CCCCC1)C(=O)N2CCC[C@H]2c3nc(cs3)C(=O)c4ccc(F)cc4	6.421564873512501
CHEMBL3091493	(3S,10aR)-2-{(2S)-2-cyclohexyl-2-[(N-methyl-L-alanyl)amino]acetyl}-N-[(4R)-3,4-dihydro-2H-chromene-4-yl]-1,2,3,4,10,10a-hexahydropyrazino[1,2-a]indole-3-carboxamide	CN[C@@H](C)C(=O)N[C@@H](C1CCCCC1)C(=O)N2C[C@H]3Cc4ccccc4N3C[C@H]2C(=O)N[C@@H]5CCOc6ccccc56	8.55284196866
CHEMBL3094403	(3S,10aS)-6,8-Dichloro-2-[(2S)-2-cyclohexyl-2-{[(2S)-2-(methylamino)butanoyl]amino}acetyl]-N-[(4R)-3,4-dihydro-2H-chromene-4-yl]-1,2,3,4,10,10a-hexahydropyrazino[1,2-a]indole-3-carboxamide	CC[C@H](NC)C(=O)N[C@@H](C1CCCCC1)C(=O)N2C[C@@H]3Cc4cc(Cl)cc(Cl)c4N3C[C@H]2C(=O)N[C@@H]5CCOc6ccccc56	8.85387196432
CHEMBL3094404	(3S,10aS)-8-Chloro-2-[(2S)-2-cyclohexyl-2-{[(2S)-2-(methylamino)butanoyl]amino}acetyl]-N-[(4R)-3,4-dihydro-2H-chromene-4-yl]-1,2,3,4,10,10a-hexahydropyrazino[1,2-a]indole-3-carboxamide	CC[C@H](NC)C(=O)N[C@@H](C1CCCCC1)C(=O)N2C[C@@H]3Cc4cc(Cl)ccc4N3C[C@H]2C(=O)N[C@@H]5CCOc6ccccc56	8.95860731484
CHEMBL3094405	(3S,10aS)-8-Cyano-2-[(2S)-2-cyclohexyl-2-{[(2S)-2-(methylamino)butanoyl]amino}acetyl]-N-[(4R)-3,4-dihydro-2H-chromene-4-yl]-1,2,3,4,10,10a-hexahydropyrazino[1,2-a]indole-3-carboxamide	CC[C@H](NC)C(=O)N[C@@H](C1CCCCC1)C(=O)N2C[C@@H]3Cc4cc(ccc4N3C[C@H]2C(=O)N[C@@H]5CCOc6ccccc56)C#N	9.0
CHEMBL3094406	(3S,8aS)-2-{(2S)-2-Cyclohexyl-2-[(N-methyl-L-alanyl)amino]acetyl}-N-[(4R)-3,4-dihydro-2H-chromene-4-yl]-octahydropyrrolo[1,2-a]pyrazine-3-carboxamide	CN[C@@H](C)C(=O)N[C@@H](C1CCCCC1)C(=O)N2C[C@@H]3CCCN3C[C@H]2C(=O)N[C@@H]4CCOc5ccccc45	8.65757731918
CHEMBL3094407	(3S,8aR)-2-[(2S)-2-Cyclohexyl-2-{[(2S)-2-(methylamino)butanoyl]amino}acetyl]-N-[(4R)-3,4-dihydro-2H-chromene-4-yl]-octahydropyrrolo[1,2-a]pyrazine-3-carboxamide	CC[C@H](NC)C(=O)N[C@@H](C1CCCCC1)C(=O)N2C[C@H]3CCCN3C[C@H]2C(=O)N[C@@H]4CCOc5ccccc45	8.92081875395
CHEMBL3094408	(3S,10aS)-2-[(2S)-2-Cyclohexyl-2-{[(2S)-2-(methylamino)butanoyl]amino}acetyl]-N-[(4R)-3,4-dihydro-2H-chromene-4-yl]-1,2,3,4,10,10a-hexahydropyrazino[1,2-a]indole-3-carboxamide	CC[C@H](NC)C(=O)N[C@@H](C1CCCCC1)C(=O)N2C[C@@H]3Cc4ccccc4N3C[C@H]2C(=O)N[C@@H]5CCOc6ccccc56	8.85387196432
CHEMBL3094409	(3S,10aR)-2-[(2S)-2-Cyclohexyl-2-{[(2S)-2-(methylamino)butanoyl]amino}acetyl]-N-[(4R)-3,4-dihydro-2H-chromene-4-yl]-1,2,3,4,10,10a-hexahydropyrazino[1,2-a]indole-3-carboxamide	CC[C@H](NC)C(=O)N[C@@H](C1CCCCC1)C(=O)N2C[C@H]3Cc4ccccc4N3C[C@H]2C(=O)N[C@@H]5CCOc6ccccc56	8.76955107862
CHEMBL3108827	(S,S,2S,2'S)-N,N'-((1S,1'S,2R,2'R)-2,2'-(Hexa-2,4-diyne-1,6-diylbis(oxy))bis(2,3-dihydro-1H-indene-2,1-diyl))bis(1-((S)-2-cyclohexyl-2-((S)-2-(methylamino)propanamido)acetyl)-pyrrolidine-2-carboxamide)	CN[C@@H](C)C(=O)N[C@@H](C1CCCCC1)C(=O)N2CCC[C@H]2C(=O)N[C@@H]3[C@@H](Cc4ccccc34)OCC#CC#CCO[C@@H]5Cc6ccccc6[C@@H]5NC(=O)[C@@H]7CCCN7C(=O)[C@@H](NC(=O)[C@H](C)NC)C8CCCCC8	7.82390874094
CHEMBL3108923	(S)-1-((S)-3,3-Dimethyl-2-((S)-2-(methylamino)-propanamido)butanoyl)-N-((1S,2R)-2-(prop-2-ynyloxy)-1,2,3,4-tetrahydronaphthalen-1-yl)pyrrolidine-2-carboxamide	CN[C@@H](C)C(=O)N[C@H](C(=O)N1CCC[C@H]1C(=O)N[C@@H]2[C@@H](CCc3ccccc23)OCC#C)C(C)(C)C	8.0
CHEMBL3108924	(S)-1-((S)-3,3-Dimethyl-2-((S)-2-(methylamino)-propanamido)butanoyl)-N-((1R,2S)-2-(prop-2-ynyloxy)-1,2,3,4-tetrahydronaphthalen-1-yl)pyrrolidine-2-carboxamide	CN[C@@H](C)C(=O)N[C@H](C(=O)N1CCC[C@H]1C(=O)N[C@H]2[C@H](CCc3ccccc23)OCC#C)C(C)(C)C	7.39794000867
CHEMBL3108925	(S)-1-((S)-3,3-Dimethyl-2-((S)-2-(methylamino)-propanamido)butanoyl)-N-((1S,2S)-2-(prop-2-ynyloxy)-1,2,3,4-tetrahydronaphthalen-1-yl)pyrrolidine-2-carboxamide	CN[C@@H](C)C(=O)N[C@H](C(=O)N1CCC[C@H]1C(=O)N[C@@H]2[C@H](CCc3ccccc23)OCC#C)C(C)(C)C	7.85387196432
CHEMBL3108926	(S)-1-((S)-3,3-Dimethyl-2-((S)-2-(methylamino)-propanamido)butanoyl)-N-((1R,2R)-2-(prop-2-ynyloxy)-1,2,3,4-tetrahydronaphthalen-1-yl)pyrrolidine-2-carboxamide	CN[C@@H](C)C(=O)N[C@H](C(=O)N1CCC[C@H]1C(=O)N[C@H]2[C@@H](CCc3ccccc23)OCC#C)C(C)(C)C	6.5376020021
CHEMBL3142652	(3S,8aR)-N-((R)-chroman-4-yl)-2-((S)-2-((S)-2-(methylamino)propanamido)propanoyl)octahydropyrrolo[1,2-a]pyrazine-3-carboxamide dihydrochloride	Cl.Cl.CN[C@@H](C)C(=O)N[C@@H](C1CCCCC1)C(=O)N2C[C@H]3CCCN3C[C@H]2C(=O)N[C@@H]4CCOc5ccccc45	8.67778070527
CHEMBL3216147	(1aS,4S,6aR,7aS)-5-{(2S)-2-Cyclohexyl-2-[(N-methyl-Lalanyl)amino]acetyl}-N-[(4R)-3,4-dihydro-2H-chromen-4-yl]octahydro-1H-cyclopropa[4,5]pyrrolo[1,2-a]pyrazine-4-carboxamide dihydrochloride	Cl.Cl.CN[C@@H](C)C(=O)N[C@@H](C1CCCCC1)C(=O)N2C[C@H]3C[C@@H]4C[C@@H]4N3C[C@H]2C(=O)N[C@@H]5CCOc6ccccc56	8.45593195565
CHEMBL3216595	(1aR,4S,6aR,7aR)-5-{(2S)-2-Cyclohexyl-2-[(N-methyl-L-alanyl)amino]acetyl}-N-[(4R)-3,4-dihydro-2H-chromen-4-yl]octahydro-1H-cyclopropa[4,5]pyrrolo[1,2-a]pyrazine-4-carboxamide dihydrochloride	Cl.Cl.CN[C@@H](C)C(=O)N[C@@H](C1CCCCC1)C(=O)N2C[C@H]3C[C@H]4C[C@H]4N3C[C@H]2C(=O)N[C@@H]5CCOc6ccccc56	7.55284196866
CHEMBL3233043	N2-methyl-N-[(4aR,5aS,9S,11aS)-10-oxo-2-(2-phenylethyl)dodecahydro-2H-pyrido[4',3':4,5]pyrrolo[1,2-a]azepin-9-yl]-L-alaninamide	CN[C@@H](C)C(=O)N[C@H]1CCC[C@H]2C[C@H]3CCN(CCc4ccccc4)C[C@H]3N2C1=O	7.40893539297
CHEMBL3233046	(1S,3R)-N-((S)-3-{2-[4-((S)-Difluoro-fluoro-methyl)-phenyl]-ethyl}-5-oxo-dodecahydro-3,4b-diaza-benzo[a]azulen-6-yl)-2-methylamino-propionamide	CN[C@@H](C)C(=O)N[C@H]1CCC[C@H]2C[C@H]3CCN(CCc4ccc(cc4)C(F)(F)F)C[C@H]3N2C1=O	7.05060999336
CHEMBL3236070	(6S,9aR)-2,2-dimethyl-N-(3-methyl-1-phenyl-1H-pyrazol-5-yl)-6-((S)-2-(methylamino)propanamido)-5-oxooctahydrothiazolo[3,2-a]azepine-3-carboxamide	CN[C@@H](C)C(=O)N[C@H]1CCC[C@H]2SC(C)(C)C(N2C1=O)C(=O)Nc3cc(C)nn3c4ccccc4	7.30102999566
CHEMBL3236071	(S)-N-{(9aS,10S,10aR)-3-[(S)-2-(4-Bromo-phenyl)-ethyl]-5-oxo-dodecahydro-3,4b-diaza-benzo[a]azulen-6-yl}-2-methylamino-propionamide	CN[C@@H](C)C(=O)N[C@H]1CCC[C@H]2C[C@H]3CCN(CCc4ccc(Br)cc4)C[C@H]3N2C1=O	7.61978875829
CHEMBL3236072	(2S,3S)-N-{(6S,10aR)-3-[2-((S)-2-Fluoro-phenyl)-ethyl]-5-oxo-dodecahydro-3,4b-diaza-benzo[a]azulen-6-yl}-2-methylamino-propionamide	CN[C@@H](C)C(=O)N[C@H]1CCC[C@H]2C[C@H]3CCN(CCc4ccccc4F)C[C@H]3N2C1=O	7.45593195565
CHEMBL3236073	N-{(3S,8S,9aS,10aR)-3-[2-(4-Fluoro-phenyl)-ethyl]-5-oxo-dodecahydro-3,4b-diaza-benzo[a]azulen-6-yl}-2-methylamino-propionamide	CN[C@@H](C)C(=O)N[C@H]1CCC[C@H]2C[C@H]3CCN(CCc4ccc(F)cc4)C[C@H]3N2C1=O	7.67778070527
CHEMBL3236074	(S)-N-{(3R,4aS,6S)-3-[2-((S)-2-Methoxy-phenyl)-ethyl]-5-oxo-dodecahydro-3,4b-diaza-benzo[a]azulen-6-yl}-2-methylamino-propionamide	CN[C@@H](C)C(=O)N[C@H]1CCC[C@H]2C[C@H]3CCN(CCc4ccccc4OC)C[C@H]3N2C1=O	7.35654732351
CHEMBL3236075	N-{(2S,4aS,6R,8S,9S)-3-[2-(3-Methoxy-phenyl)-ethyl]-5-oxo-dodecahydro-3,4b-diaza-benzo[a]azulen-6-yl}-2-methylamino-propionamide	CN[C@@H](C)C(=O)N[C@H]1CCC[C@H]2C[C@H]3CCN(CCc4cccc(OC)c4)C[C@H]3N2C1=O	7.15490195999
CHEMBL3236076	N-{(3S,6S,10aR)-3-[2-(4-Methoxy-phenyl)-ethyl]-5-oxo-dodecahydro-3,4b-diaza-benzo[a]azulen-6-yl}-2-methylamino-propionamide	CN[C@@H](C)C(=O)N[C@H]1CCC[C@H]2C[C@H]3CCN(CCc4ccc(OC)cc4)C[C@H]3N2C1=O	6.79588001734
CHEMBL3236077	(1S,2S)-N-{(6S,9aS,10aR)-3-[2-(4-Hydroxy-phenyl)-ethyl]-5-oxo-dodecahdro-3,4b-diaza-benzo[a]azulen-6-yl}-2-methylamino-propionamide	CN[C@@H](C)C(=O)N[C@H]1CCC[C@H]2C[C@H]3CCN(CCc4ccc(O)cc4)C[C@H]3N2C1=O	7.25963731051
CHEMBL3236078	2-Methylamino-N-[(2R,4aS,8S)-5-(S)-oxo-3-(2-o-tolyl-ethyl)-dodecahydro-3,4b-diaza-benzo[a]azulen-6-yl]-propionamide	CN[C@@H](C)C(=O)N[C@H]1CCC[C@H]2C[C@H]3CCN(CCc4ccccc4C)C[C@H]3N2C1=O	7.44369749923
CHEMBL3236079	(2S,3S)-2-Methylamino-N-{(9aS,10aR)-5-oxo-3-[2-((S)-m-tolyl)-ethyl]-dodecahydro-3,4b-diaza-benzo[a]azulen-6-yl}-propionamide	CN[C@@H](C)C(=O)N[C@H]1CCC[C@H]2C[C@H]3CCN(CCc4cccc(C)c4)C[C@H]3N2C1=O	7.0
CHEMBL3236080	2-((S)-Methylamino)-N-[(1S,4bS,9aS,10aR)-5-oxo-3-(2-p-tolyl-ethyl)-dodecahydro-3,4b-diaza-benzo[a]azulen-6-yl]-propionamide	CN[C@@H](C)C(=O)N[C@H]1CCC[C@H]2C[C@H]3CCN(CCc4ccc(C)cc4)C[C@H]3N2C1=O	7.13667713988
CHEMBL3236081	N-{(4R,4aS)-3-[(S)-2-((S)-4-Chloro-phenyl)-ethyl]-5-oxo-dodecahydro-3,4b-diaza-benzo[a]azulen-6-yl}-2-methylamino-propionamide	CN[C@@H](C)C(=O)N[C@H]1CCC[C@H]2C[C@H]3CCN(CCc4ccc(Cl)cc4)C[C@H]3N2C1=O	7.43179827593
CHEMBL3236366	(S)-N-{(3S,9aS)-3-[2-((S)-4-Chloro-3-chloro-phenyl)-ethyl]-5-oxo-dodecahydro-3,4b-diaza-benzo[a]azulen-6-yl}-2-methylamino-propionamide	CN[C@@H](C)C(=O)N[C@H]1CCC[C@H]2C[C@H]3CCN(CCc4ccc(Cl)c(Cl)c4)C[C@H]3N2C1=O	7.3767507096
CHEMBL3236367	2-Methylamino-N-{(1S,4aS,9S)-3-[2-((S)-4-nitro-phenyl)-ethyl]-5-oxo-dodecahydro-3,4b-diaza-benzo[a]azulen-6-yl}-propionamide	CN[C@@H](C)C(=O)N[C@H]1CCC[C@H]2C[C@H]3CCN(CCc4ccc(cc4)[N+](=O)[O-])C[C@H]3N2C1=O	7.35654732351
CHEMBL3236368	(+/-)-2-Methylamino-N-[(2S,5S)-5-(R)-oxo-3-((S)-2-phenyl-propyl)-dodecahydro-3,4b-diaza-benzo[a]azulen-6-yl]-propionamide	CN[C@@H](C)C(=O)N[C@H]1CCC[C@H]2C[C@H]3CCN(CC(C)c4ccccc4)C[C@H]3N2C1=O	6.7447274949
CHEMBL3236369	N-{(5S,10S)-3-[(S)-2-(1H-Indol-3-yl)-ethyl]-5-oxo-dodecahydro-3,4b-diaza-benzo[a]azulen-6-yl}-2-((S)-methylamino)-propionamide	CN[C@@H](C)C(=O)N[C@H]1CCC[C@H]2C[C@H]3CCN(CCc4c[nH]c5ccccc45)C[C@H]3N2C1=O	7.20065945055
CHEMBL3236370	(S)-2-Methylamino-N-{(3S,10aR)-3-[2-(4-methyl-thiazol-5-yl)-ethyl]-5-oxo-dodecahydro-3,4b-diaza-benzo[a]azulen-6-yl}-propionamide	CN[C@@H](C)C(=O)N[C@H]1CCC[C@H]2C[C@H]3CCN(CCc4scnc4C)C[C@H]3N2C1=O	6.5376020021
CHEMBL3236371	2-Methylamino-N-[(3R,4bS,8S,9aS)-5-oxo-3-((S)-2-pyridin-2-yl-ethyl)-dodecahydro-3,4b-diaza-benzo[a]azulen-6-yl]-propionamide	CN[C@@H](C)C(=O)N[C@H]1CCC[C@H]2C[C@H]3CCN(CCc4ccccn4)C[C@H]3N2C1=O	6.39794000867
CHEMBL3236372	(1S,2S)-N-{(8S,9aS)-3-[2-((R)-3,5-Dimethyl-2,3-dihydro-oxazol-4-yl)-ethyl]-5-oxo-dodecahydro-3,4b-diaza-benzo[a]azulen-6-yl}-2-methylamino-propionamide	CN[C@@H](C)C(=O)N[C@H]1CCC[C@H]2C[C@H]3CCN(CCC4=C(C)OCN4C)C[C@H]3N2C1=O	5.72124639905
CHEMBL3236373	2-Methylamino-N-{(6S,7R,9aS)-3-[(S)-2-((S)-5-methyl-1H-benzoimidazol-2-yl)-ethyl]-5-oxo-dodecahydro-3,4b-diaza-benzo[a]azulen-6-yl}-propionamide	CN[C@@H](C)C(=O)N[C@H]1CCC[C@H]2C[C@H]3CCN(CCc4nc5cc(C)ccc5[nH]4)C[C@H]3N2C1=O	5.60205999133
CHEMBL3236374	(S)-N-((S)-3-Benzyl-5-oxo-dodecahydro-3,4b-diaza-benzo[a]azulen-6-yl)-2-((R)-(S)-methylamino)-propionamide	CN[C@@H](C)C(=O)N[C@H]1CCC[C@H]2C[C@H]3CCN(Cc4ccccc4)C[C@H]3N2C1=O	6.34678748622
CHEMBL3236375	(S)-2-Methylamino-N-[(6R,9S,9aS)-5-oxo-3-((S)-3-phenyl-propyl)-dodecahydro-3,4b-diaza-benzo[a]azulen-6-yl]-propionamide	CN[C@@H](C)C(=O)N[C@H]1CCC[C@H]2C[C@H]3CCN(CCCc4ccccc4)C[C@H]3N2C1=O	5.88605664769
CHEMBL3236376	N-[(5S,10aS)-3-(2-Cyclohexyl-ethyl)-5-(R)-oxo-dodecahydro-3,4b-diaza-benzo[a]azulen-6-yl]-2-((S)-methylamino)-propionamide	CN[C@@H](C)C(=O)N[C@H]1CCC[C@H]2C[C@H]3CCN(CCC4CCCCC4)C[C@H]3N2C1=O	6.49485002168
CHEMBL3236377	(S)-N-((S)-3-(1S,2R)-1-Cyclohexylmethyl-5-oxo-dodecahydro-3,4b-diaza-benzo[a]azulen-6-yl)-2-((S)-methylamino)-propionamide	CN[C@@H](C)C(=O)N[C@H]1CCC[C@H]2C[C@H]3CCN(CC4CCCCC4)C[C@H]3N2C1=O	6.2924298239
CHEMBL3236378	N-[(1S,3S,9aR)-3-((S)-Isobutyl)-5-oxo-dodecahydro-3,4b-diaza-benzo[a]azulen-6-yl]-2-((S)-methylamino)-propionamide	CN[C@@H](C)C(=O)N[C@H]1CCC[C@H]2C[C@H]3CCN(CC(C)C)C[C@H]3N2C1=O	5.55284196866
CHEMBL3236379	(1S,3S)-2-Methylamino-N-[(R)-5-oxo-3-((5S,6S)-phenyl-phenyl-methyl)-dodecahydro-3,4b-diaza-benzo[a]azulen-6-yl]-propionamide	CN[C@@H](C)C(=O)N[C@H]1CCC[C@H]2C[C@H]3CCN(C[C@H]3N2C1=O)C(c4ccccc4)c5ccccc5	5.02227639471
CHEMBL3236380	N-((4aS,9aS,10aS)-3-(R)-Butyl-5-oxo-dodecahydro-3,4b-diaza-benzo[a]azulen-6-yl)-2-methylamino-propionamide	CCCCN1CC[C@@H]2C[C@@H]3CCC[C@H](NC(=O)[C@H](C)NC)C(=O)N3[C@@H]2C1	5.92081875395
CHEMBL3236381	(S)-2-Methylamino-N-[(4R,8S)-5-oxo-3-((S)-2-(S)-phenyl-acetyl)-dodecahydro-3,4b-diaza-benzo[a]azulen-6-yl]-propionamide	CN[C@@H](C)C(=O)N[C@H]1CCC[C@H]2C[C@H]3CCN(C[C@H]3N2C1=O)C(=O)Cc4ccccc4	7.18045606446
CHEMBL3236382	N-[(4S,10S,10aS)-3-((S)-Diphenylacetyl)-5-oxo-dodecahydro-3,4b-diaza-benzo[a]azulen-6-yl]-2-methylamino-propionamide	CN[C@@H](C)C(=O)N[C@H]1CCC[C@H]2C[C@H]3CCN(C[C@H]3N2C1=O)C(=O)C(c4ccccc4)c5ccccc5	6.43179827593
CHEMBL3236383	2-Methylamino-N-{(4S,4aR)-5-oxo-3-[(S)-oxo-2-(S)-1-phenyl-3-((S)-prop-2-ynyloxy)-propyl]-dodecahydro-3,4b-diaza-benzo[a]azulen-6-yl}-propionamide	CN[C@@H](C)C(=O)N[C@H]1CCC[C@H]2C[C@H]3CCN(C[C@H]3N2C1=O)C(=O)C(COCC#C)c4ccccc4	6.36292107537
CHEMBL3236384	N-[(1S,4aS,6S,9aS)-3-((R)-Benzoyl)-5-oxo-dodecahydro-3,4b-diaza-benzo[a]azulen-6-yl]-2-methylamino-propionamide	CN[C@@H](C)C(=O)N[C@H]1CCC[C@H]2C[C@H]3CCN(C[C@H]3N2C1=O)C(=O)c4ccccc4	4.0
CHEMBL3236385	(3S,4bS)-6-((1R,3S)-2-Methylamino-propionylamino)-5-oxo-dodecahydro-3,4b-diaza-benzo[a]azulene-3-carboxylic acid(S)-1-benzyl ester	CN[C@@H](C)C(=O)N[C@H]1CCC[C@H]2C[C@H]3CCN(C[C@H]3N2C1=O)C(=O)OCc4ccccc4	6.65757731918
CHEMBL3236386	(S)-6-((S)-2-Methylamino-1-(R)-oxo-propylamino)-5-oxo-dodecahydro-3,4b-diaza-benzo[a]azulene-3-carboxylic acid(S)-(S)-phenyl ester	CN[C@@H](C)C(=O)N[C@H]1CCC[C@H]2C[C@H]3CCN(C[C@H]3N2C1=O)C(=O)Oc4ccccc4	7.28399665637
CHEMBL3236387	(4aS,9aS)-6-[(S)-2-((S)-Methylamino)-propionylamino]-5-oxo-dodecahydro-3,4b-diaza-benzo[a]azulene-3-carboxylic acid(R)-phenylamide	CN[C@@H](C)C(=O)N[C@H]1CCC[C@H]2C[C@H]3CCN(C[C@H]3N2C1=O)C(=O)Nc4ccccc4	6.65757731918
CHEMBL3236388	2-Methylamino-N-[(1S,10aS)-5-oxo-3-((S)-(S)-1-phenylmethanesulfonyl)-dodecahydro-3,4b-diaza-benzo[a]azulen-6-yl]-propionamide	CN[C@@H](C)C(=O)N[C@H]1CCC[C@H]2C[C@H]3CCN(C[C@H]3N2C1=O)S(=O)(=O)Cc4ccccc4	5.55284196866
CHEMBL3236389	N-[(1S,3R)-3-((S)-(S)-Benzenesulfonyl)-5-oxo-dodecahydro-3,4b-diaza-benzo[a]azulen-6-yl]-2-methylamino-propionamide	CN[C@@H](C)C(=O)N[C@H]1CCC[C@H]2C[C@H]3CCN(C[C@H]3N2C1=O)S(=O)(=O)c4ccccc4	5.09691001301
CHEMBL3236390	NA	CN[C@@H](C)C(=O)N[C@H]1CCC[C@H]2C[C@H]3CCN(C[C@H]3N2C1=O)C(=O)C(OCC#CC#CCOC(C(=O)N4CC[C@@H]5C[C@@H]6CCC[C@H](NC(=O)[C@H](C)NC)C(=O)N6[C@@H]5C4)c7ccccc7)c8ccccc8	8.52287874528
CHEMBL3236391	N2-methyl-N-[(4aR,5aR,9S,11aS)-10-oxo-2-(2-phenylethyl)dodecahydro-2H-pyrido[4',3':4,5]pyrrolo[1,2-a]azepin-9-yl]-L-alaninamide	CN[C@@H](C)C(=O)N[C@H]1CCC[C@@H]2C[C@H]3CCN(CCc4ccccc4)C[C@H]3N2C1=O	4.0
CHEMBL3339214	N1-((S)-2-((S)-3,3-dimethyl-2-((S)-2-(methylamino)propanamido)butanoyl)-3-((R)-1,2,3,4-tetrahydronaphthalen-1-ylcarbamoyl)-1,2,3,4-tetrahydroisoquinolin-7-yl)-N4-((3S,5S)-1-((S)-3,3-dimethyl-2-((S)-2-(methylamino)propanamido)butanoyl)-5-((R)-1,2,3,4-tetrahydronaphthalen-1-ylcarbamoyl)pyrrolidin-3-yl)terephthalamide	CN[C@@H](C)C(=O)N[C@H](C(=O)N1C[C@H](C[C@H]1C(=O)N[C@@H]2CCCc3ccccc23)NC(=O)c4ccc(cc4)C(=O)Nc5ccc6C[C@H](N(Cc6c5)C(=O)[C@@H](NC(=O)[C@H](C)NC)C(C)(C)C)C(=O)N[C@@H]7CCCc8ccccc78)C(C)(C)C	7.82390874094
CHEMBL3339215	(S)-2-((S)-3,3-dimethyl-2-((S)-2-(methylamino)propanamido)butanoyl)-7-(4-((3S,5S)-1-((S)-3,3-dimethyl-2-((S)-2-(methylamino)propanamido)butanoyl)-5-((R)-1,2,3,4-tetrahydronaphthalen-1-ylcarbamoyl)pyrrolidin-3-ylcarbamoyl)benzyloxy)-N-((R)-1,2,3,4-tetrahydronaphthalen-1-yl)-1,2,3,4-tetrahydroisoquinoline-3-carboxamide	CN[C@@H](C)C(=O)N[C@H](C(=O)N1C[C@H](C[C@H]1C(=O)N[C@@H]2CCCc3ccccc23)NC(=O)c4ccc(COc5ccc6C[C@H](N(Cc6c5)C(=O)[C@@H](NC(=O)[C@H](C)NC)C(C)(C)C)C(=O)N[C@@H]7CCCc8ccccc78)cc4)C(C)(C)C	7.11918640772
CHEMBL3339216	(S)-2-((S)-3,3-dimethyl-2-((S)-2-(methylamino)propanamido)butanoyl)-7-((4-((3S,5S)-1-((S)-3,3-dimethyl-2-((S)-2-(methylamino)propanamido)butanoyl)-5-((R)-1,2,3,4-tetrahydronaphthalen-1-ylcarbamoyl)pyrrolidin-3-ylcarbamoyl)phenyl)ethynyl)-N-((R)-1,2,3,4-tetrahydronaphthalen-1-yl)-1,2,3,4-tetrahydroisoquinoline-3-carboxamide	CN[C@@H](C)C(=O)N[C@H](C(=O)N1C[C@H](C[C@H]1C(=O)N[C@@H]2CCCc3ccccc23)NC(=O)c4ccc(cc4)C#Cc5ccc6C[C@H](N(Cc6c5)C(=O)[C@@H](NC(=O)[C@H](C)NC)C(C)(C)C)C(=O)N[C@@H]7CCCc8ccccc78)C(C)(C)C	7.10237290871
CHEMBL3339217	(S)-2-((S)-3,3-dimethyl-2-((S)-2-(methylamino)propanamido)butanoyl)-7-(4-((3S,5S)-1-((S)-3,3-dimethyl-2-((S)-2-(methylamino)propanamido)butanoyl)-5-((R)-1,2,3,4-tetrahydronaphthalen-1-ylcarbamoyl)pyrrolidin-3-ylcarbamoyl)phenethyl)-N-((R)-1,2,3,4-tetrahydronaphthalen-1-yl)-1,2,3,4-tetrahydroisoquinoline-3-carboxamide	CN[C@@H](C)C(=O)N[C@H](C(=O)N1C[C@H](C[C@H]1C(=O)N[C@@H]2CCCc3ccccc23)NC(=O)c4ccc(CCc5ccc6C[C@H](N(Cc6c5)C(=O)[C@@H](NC(=O)[C@H](C)NC)C(C)(C)C)C(=O)N[C@@H]7CCCc8ccccc78)cc4)C(C)(C)C	7.60205999133
CHEMBL3339218	(S)-2-((S)-3,3-dimethyl-2-((S)-2-(methylamino)propanamido)butanoyl)-N7-(5-((3S,5S)-1-((S)-3,3-dimethyl-2-((S)-2-(methylamino)propanamido)butanoyl)-5-((R)-1,2,3,4-tetrahydronaphthalen-1-ylcarbamoyl)pyrrolidin-3-ylcarbamoyl)benzo[d]thiazol-2-yl)-N3-((R)-1,2,3,4-tetrahydronaphthalen-1-yl)-1,2,3,4-tetrahydroisoquinoline-3,7-dicarboxamide	CN[C@@H](C)C(=O)N[C@H](C(=O)N1C[C@H](C[C@H]1C(=O)N[C@@H]2CCCc3ccccc23)NC(=O)c4ccc5sc(NC(=O)c6ccc7C[C@H](N(Cc7c6)C(=O)[C@@H](NC(=O)[C@H](C)NC)C(C)(C)C)C(=O)N[C@@H]8CCCc9ccccc89)nc5c4)C(C)(C)C	7.95860731484
CHEMBL3339219	(S)-2-((S)-3,3-dimethyl-2-((S)-2-(methylamino)propanamido)butanoyl)-N7-(5-((3S,5S)-1-((S)-3,3-dimethyl-2-((S)-2-(methylamino)propanamido)butanoyl)-5-((R)-1,2,3,4-tetrahydronaphthalen-1-ylcarbamoyl)pyrrolidin-3-ylcarbamoyl)oxazol-2-yl)-N3-((R)-1,2,3,4-tetrahydronaphthalen-1-yl)-1,2,3,4-tetrahydroisoquinoline-3,7-dicarboxamide	CN[C@@H](C)C(=O)N[C@H](C(=O)N1C[C@H](C[C@H]1C(=O)N[C@@H]2CCCc3ccccc23)NC(=O)c4oc(NC(=O)c5ccc6C[C@H](N(Cc6c5)C(=O)[C@@H](NC(=O)[C@H](C)NC)C(C)(C)C)C(=O)N[C@@H]7CCCc8ccccc78)nc4)C(C)(C)C	8.69897000434
CHEMBL3339220	(S)-2-((S)-3,3-dimethyl-2-((S)-2-(methylamino)propanamido)butanoyl)-N-(4-((3S,5S)-1-((S)-3,3-dimethyl-2-((S)-2-(methylamino)propanamido)butanoyl)-5-((R)-1,2,3,4-tetrahydronaphthalen-1-ylcarbamoyl)pyrrolidin-3-ylcarbamoyl)benzyl)-N-((S)-1,2,3,4-tetrahydronaphthalen-1-yl)-1,2,3,4-tetrahydroisoquinoline-3-carboxamide	CN[C@@H](C)C(=O)N[C@H](C(=O)N1C[C@H](C[C@H]1C(=O)N[C@@H]2CCCc3ccccc23)NC(=O)c4ccc(CN([C@H]5CCCc6ccccc56)C(=O)[C@@H]7Cc8ccccc8CN7C(=O)[C@@H](NC(=O)[C@H](C)NC)C(C)(C)C)cc4)C(C)(C)C	7.60205999133
CHEMBL3339221	(S)-2-((S)-3,3-dimethyl-2-((S)-2-(methylamino)propanamido)butanoyl)-N-(4-((3S,5S)-1-((S)-3,3-dimethyl-2-((S)-2-(methylamino)propanamido)butanoyl)-5-((R)-1,2,3,4-tetrahydronaphthalen-1-ylcarbamoyl)pyrrolidin-3-ylcarbamoyl)benzyl)-N-((R)-1-(2-fluorophenyl)ethyl)-1,2,3,4-tetrahydroisoquinoline-3-carboxamide	CN[C@@H](C)C(=O)N[C@H](C(=O)N1C[C@H](C[C@H]1C(=O)N[C@@H]2CCCc3ccccc23)NC(=O)c4ccc(CN([C@H](C)c5ccccc5F)C(=O)[C@@H]6Cc7ccccc7CN6C(=O)[C@@H](NC(=O)[C@H](C)NC)C(C)(C)C)cc4)C(C)(C)C	8.15490195999
CHEMBL3339223	(S)-2-((S)-3,3-dimethyl-2-((S)-2-(methylamino)propanamido)butanoyl)-N-(4-((3S,5S)-1-((S)-3,3-dimethyl-2-((S)-2-(methylamino)propanamido)butanoyl)-5-((R)-1,2,3,4-tetrahydronaphthalen-1-ylcarbamoyl)pyrrolidin-3-ylcarbamoyl)benzyl)-N-((R)-2-methoxy-1-phenylethyl)-1,2,3,4-tetrahydroisoquinoline-3-carboxamide	CN[C@@H](C)C(=O)N[C@H](C(=O)N1C[C@H](C[C@H]1C(=O)N[C@@H]2CCCc3ccccc23)NC(=O)c4ccc(CN([C@@H](COC)c5ccccc5)C(=O)[C@@H]6Cc7ccccc7CN6C(=O)[C@@H](NC(=O)[C@H](C)NC)C(C)(C)C)cc4)C(C)(C)C	8.30102999566
CHEMBL3339224	(S)-2-((S)-3,3-dimethyl-2-((S)-2-(methylamino)propanamido)butanoyl)-N-(4-((3S,5S)-1-((S)-3,3-dimethyl-2-((S)-2-(methylamino)propanamido)butanoyl)-5-((R)-1,2,3,4-tetrahydronaphthalen-1-ylcarbamoyl)pyrrolidin-3-ylcarbamoyl)benzyl)-N-((S)-2-methoxy-1-phenylethyl)-1,2,3,4-tetrahydroisoquinoline-3-carboxamide	CN[C@@H](C)C(=O)N[C@H](C(=O)N1C[C@H](C[C@H]1C(=O)N[C@@H]2CCCc3ccccc23)NC(=O)c4ccc(CN([C@H](COC)c5ccccc5)C(=O)[C@@H]6Cc7ccccc7CN6C(=O)[C@@H](NC(=O)[C@H](C)NC)C(C)(C)C)cc4)C(C)(C)C	8.09691001301
CHEMBL3414727	(8S,11S,14S,17S,29S,32S,35S,38S)-10,31-bis[(2S)-2-cyclohexyl-2-[(2S)-2-(methylamino)propanamido]acetyl]-14,35-bis(naphthalen-2-ylmethyl)-12,15,33,36-tetraoxo-2,23-dioxa-5,6,7,10,13,16,26,27,28,31,34,37-dodecaazaheptacyclo[38.2.2.2^{19,22}.1^{4,7}.1^{8,11}.1^{25,28}.1^{29,32}]pentaconta-1(42),4(50),5,19,21,25(46),26,40,43,47-decaene-17,38-dicarboxylic acid	CN[C@@H](C)C(=O)N[C@@H](C1CCCCC1)C(=O)N2C[C@@H]3C[C@H]2C(=O)N[C@@H](Cc4ccc5ccccc5c4)C(=O)N[C@@H](Cc6ccc(OCc7cn(nn7)[C@H]8C[C@H](N(C8)C(=O)[C@@H](NC(=O)[C@H](C)NC)C9CCCCC9)C(=O)N[C@@H](Cc%10ccc%11ccccc%11c%10)C(=O)N[C@@H](Cc%12ccc(OCc%13cn3nn%13)cc%12)C(=O)O)cc6)C(=O)O	8.15490195999
CHEMBL3414728	(8S,11S,14S,17S,29S,32S,35S,38S)-10,31-bis[(2S)-3,3-dimethyl-2-[(2S)-2-(methylamino)propanamido]butanoyl]-14,35-bis(naphthalen-2-ylmethyl)-12,15,33,36-tetraoxo-2,23-dioxa-5,6,7,10,13,16,26,27,28,31,34,37-dodecaazaheptacyclo[38.2.2.2^{19,22}.1^{4,7}.1^{8,11}.1^{25,28}.1^{29,32}]pentaconta-1(42),4(50),5,19,21,25(46),26,40,43,47-decaene-17,38-dicarboxylic acid	CN[C@@H](C)C(=O)N[C@H](C(=O)N1C[C@@H]2C[C@H]1C(=O)N[C@@H](Cc3ccc4ccccc4c3)C(=O)N[C@@H](Cc5ccc(OCc6cn(nn6)[C@H]7C[C@H](N(C7)C(=O)[C@@H](NC(=O)[C@H](C)NC)C(C)(C)C)C(=O)N[C@@H](Cc8ccc9ccccc9c8)C(=O)N[C@@H](Cc%10ccc(OCc%11cn2nn%11)cc%10)C(=O)O)cc5)C(=O)O)C(C)(C)C	8.30102999566
CHEMBL3414729	(2S,5S,8S,11S,17S,20S,23S,26S)-4,19-bis[(2S)-3-methyl-2-[(2S)-2-(methylamino)propanamido]butanoyl]-8,23-bis(naphthalen-2-ylmethyl)-6,9,21,24-tetraoxo-1,4,7,10,14,15,16,19,22,25,29,30-dodecaazapentacyclo[26.2.1.1^{2,5}.1^{13,16}.1^{17,20}]tetratriaconta-13(33),14,28(31),29-tetraene-11,26-dicarboxylic acid	CN[C@@H](C)C(=O)N[C@@H](C(C)C)C(=O)N1C[C@@H]2C[C@H]1C(=O)N[C@@H](Cc3ccc4ccccc4c3)C(=O)N[C@@H](Cc5cn(nn5)[C@H]6C[C@H](N(C6)C(=O)[C@@H](NC(=O)[C@H](C)NC)C(C)C)C(=O)N[C@@H](Cc7ccc8ccccc8c7)C(=O)N[C@@H](Cc9cn2nn9)C(=O)O)C(=O)O	8.52287874528
CHEMBL3600717	1-(6-Benzyl-3,3-dimethyl-2,3-dihydro-pyrrolo[3,2-c]-pyridin-1-yl)-2-((2R,5R)-2-methoxymethyl-5-methyl-piperazin-1-yl)-ethanone	COC[C@H]1CN[C@H](C)CN1CC(=O)N2CC(C)(C)c3cnc(Cc4ccccc4)cc23	8.0
CHEMBL3600720	(S)-2-amino-N-(6-aminopyridin-2-yl)propanamide	C[C@H](N)C(=O)Nc1cccc(N)n1	4.56863623584
CHEMBL3600721	2-((R)-3-methyl-piperazin-1-yl)-1-pyrrolidin-1-yl-ethanone	C[C@@H]1CN(CC(=O)N2CCCC2)CCN1	3.38721614328
CHEMBL3600732	1-{6-Chloro-1H,2H,3H-pyrrolo[3,2-c]pyridin-1-yl}-2-[(3R)-3-methylpiperazin-1-yl]ethan-1-one	C[C@@H]1CN(CC(=O)N2CCc3cnc(Cl)cc23)CCN1	4.69897000434
CHEMBL3600733	1-(6-Chloro-3,3-dimethyl-2,3-dihydro-1H-indol-1-yl)-2-[(3R)-3-methylpiperazin-1-yl]ethan-1-one	C[C@@H]1CN(CC(=O)N2CC(C)(C)c3ccc(Cl)cc23)CCN1	5.43179827593
CHEMBL3600734	1-(6-Chloro-3,3-dimethyl-2,3-dihydro-1H-indol-1-yl)-2-[(2R,5R)-2-(methoxymethyl)-5-methylpiperazin-1-yl]ethan-1-one	COC[C@H]1CN[C@H](C)CN1CC(=O)N2CC(C)(C)c3ccc(Cl)cc23	6.18708664336
CHEMBL3600735	1-{6-Chloro-3,3-dimethyl-1H,2H,3H-pyrrolo[3,2-c]pyridin-1-yl}-2-[(2R,5R)-2-(methoxymethyl)-5-methylpiperazin-1-yl]ethan-1-one	COC[C@H]1CN[C@H](C)CN1CC(=O)N2CC(C)(C)c3cnc(Cl)cc23	6.49485002168
CHEMBL3601398	(trans)-(S)-1-(4-Chloro-phenyl)-7-isopropoxy-6-methoxy-2-(4-{methyl-[4-(4-methyl-3-oxo-piperazin-1-yl)-cyclohexylmethyl]-amino}-phenyl)-1,4-dihydro-2H-isoquinolin-3-one	COc1cc2CC(=O)N([C@@H](c3ccc(Cl)cc3)c2cc1OC(C)C)c4ccc(cc4)N(C)C[C@@H]5CC[C@H](CC5)N6CCN(C)C(=O)C6	3.3010299956600004
CHEMBL365059	(S)-N-((2S,3S)-1-amino-3-methyl-1-oxopentan-2-yl)-1-((S)-2-((S)-2-aminopropanamido)-3-methylbutanoyl)pyrrolidine-2-carboxamide	CC[C@H](C)[C@H](NC(=O)[C@@H]1CCCN1C(=O)[C@@H](NC(=O)[C@H](C)N)C(C)C)C(=O)N	6.120567581928
CHEMBL456400	(5S,8S,10aR)-3-Acetyl-N-benzhydryl-5-((S)-2-(methylamino)-propanamido)-6-oxodeca-hydro pyrrolo[1,2-a][1,5]diazocine-8-carbox-amide-(5S,8S,10aR)-3-acetyl-N-benzhydryl-5-((S)-2-(methylamino)propanamido)-6-oxodecahydropyrrolo[1,2-a][1,5]diazocine-8-carboxamide	CN[C@@H](C)C(=O)N[C@H]1CN(CC[C@H]2CC[C@H](N2C1=O)C(=O)NC(c3ccccc3)c4ccccc4)C(=O)C	8.331189124314
CHEMBL457060	N-[(R)-3-Hydroxycarbamoyl-2-pentylpropanoyl]glycine methyl ester	CCCCC[C@H](CC(=O)NO)C(=O)NCC(=O)OC	5.81247927916
CHEMBL457092	(S)-methyl 2-((2S,3R)-3-amino-2-hydroxy-4-phenylbutanamido)-4-methylpentanoate	COC(=O)[C@H](CC(C)C)NC(=O)[C@@H](O)[C@H](N)Cc1ccccc1	6.16115090926
CHEMBL457093	N-[(R)-3-Hydroxycarbamoyl-2-pentylpropanoyl]-L-leucine methyl ester	CCCCC[C@H](CC(=O)NO)C(=O)N[C@@H](CC(C)C)C(=O)OC	5.97469413474
CHEMBL457291	N-[N-Hydroxysuccinamiyl]-L-leucine methylester	COC(=O)[C@H](CC(C)C)NC(=O)CCC(=O)NO	4.70114692359
CHEMBL457292	N-[(R)-3-Hydroxycarbamoyl-2-pentylpropanoyl]-L-alanine methyl ester	CCCCC[C@H](CC(=O)NO)C(=O)N[C@@H](C)C(=O)OC	6.2757241304
CHEMBL457293	N-[(R)-3-Hydroxycarbamoyl-2-pentylpropanoyl]-L-valine methyl ester	CCCCC[C@H](CC(=O)NO)C(=O)N[C@@H](C(C)C)C(=O)OC	5.90308998699
CHEMBL457466	N-[(S)-3-Hydroxycarbamoyl-2-pentylpropanoyl]-L-leucine methyl ester	CCCCC[C@@H](CC(=O)NO)C(=O)N[C@@H](CC(C)C)C(=O)OC	4.91721462968
CHEMBL458563	N-[(R)-3-Hydroxycarbamoyl-2-ethylpropanoyl]-L-leucine methyl ester	CC[C@H](CC(=O)NO)C(=O)N[C@@H](CC(C)C)C(=O)OC	4.61798295743
CHEMBL458564	N-[(R)-3-Hydroxycarbamoyl-2-benzylpropanyl]-L-leucine methyl ester	COC(=O)[C@H](CC(C)C)NC(=O)[C@@H](CC(=O)NO)Cc1ccccc1	4.34486156519
CHEMBL458586	N-[(R)-3-Hydroxycarbamoyl-2-pentylpropanoyl]-L-tert-leucine methyl ester	CCCCC[C@H](CC(=O)NO)C(=O)N[C@H](C(=O)OC)C(C)(C)C	3.6989700043399996
CHEMBL458592	N-[(R)-3-Hydroxycarbamoyl-2-pentylpropanoyl]-L-phenylalanine methyl ester	CCCCC[C@H](CC(=O)NO)C(=O)N[C@@H](Cc1ccccc1)C(=O)OC	6.07572071394
CHEMBL458594	N-[(R)-3-Hydroxycarbamoyl-2-butylaminopropanoyl]-L-leucine methyl ester	CCCCN[C@H](CC(=O)NO)C(=O)N[C@@H](CC(C)C)C(=O)OC	5.32882715728
CHEMBL458777	N-[(R)-3-Hydroxycarbamoyl-2-dibutylaminopropanyl]-L-leucine methyl ester	CCCCN(CCCC)[C@H](CC(=O)NO)C(=O)N[C@@H](CC(C)C)C(=O)OC	5.03621217265
CHEMBL458791	(3S,6S,11bR)-6-((S)-2-(methylamino)propanamido)-5-oxo-N-((S)-1,2,3,4-tetrahydronaphthalen-1-yl)-2,3,5,6,7,11b-hexahydro-1H-benzo[c]pyrrolo[1,2-a]azepine-3-carboxamide	CN[C@@H](C)C(=O)N[C@H]1Cc2ccccc2[C@H]3CC[C@H](N3C1=O)C(=O)N[C@H]4CCCc5ccccc45	6.338767242286
CHEMBL459541	(5S,8S,10aR)-N-Benzhydryl-5-((S)-2-(methylamino)propanamido)-6-oxodeca-hydropyrrolo[1,2-a][1,5]diazocine-8-carboxamide	CN[C@@H](C)C(=O)N[C@H]1CNCC[C@H]2CC[C@H](N2C1=O)C(=O)NC(c3ccccc3)c4ccccc4	8.435677255296
CHEMBL461456	(5S,8S,10aR)-N-Benzhydryl-3-methyl-5-((S)-2-(methylamino)-propanamido)-6-oxodeca-hydropyrrolo[1,2-a][1,5]diazocine-8-carbox-amide	CN[C@@H](C)C(=O)N[C@H]1CN(C)CC[C@H]2CC[C@H](N2C1=O)C(=O)NC(c3ccccc3)c4ccccc4	7.996344561466
CHEMBL472832	(1S,3S,6S,10aS,Z)-1-benzyl-6-((S)-2-(methylamino)propanamido)-5-oxo-N-((R)-1,2,3,4-tetrahydronaphthalen-1-yl)-1,2,3,5,6,7,10,10a-octahydropyrrolo[1,2-a]azocine-3-carboxamide	CN[C@@H](C)C(=O)N[C@H]1C\C=C/C[C@H]2[C@@H](Cc3ccccc3)C[C@H](N2C1=O)C(=O)N[C@@H]4CCCc5ccccc45	8.411054780386
CHEMBL475670	(1S,3S,6S,10aS)-1-benzyl-6-((S)-2-(methylamino)propanamido)-5-oxo-N-((R)-1,2,3,4-tetrahydronaphthalen-1-yl)decahydropyrrolo[1,2-a]azocine-3-carboxamide	CN[C@@H](C)C(=O)N[C@H]1CCCC[C@H]2[C@@H](Cc3ccccc3)C[C@H](N2C1=O)C(=O)N[C@@H]4CCCc5ccccc45	8.946656777275999
CHEMBL479725	Benzeneacetamide, N-[(3aR,6S,6aS)-Octahydro-1-(N-methyl-L-alanyl-3-methyl-L-valyl)cyclopenta[b]pyrrol-6-yl]-alpha-phenyl	CN[C@@H](C)C(=O)N[C@H](C(=O)N1CC[C@H]2CC[C@H](NC(=O)C(c3ccccc3)c4ccccc4)[C@@H]12)C(C)(C)C	6.404268791045999
CHEMBL481213	(3S,6S,10aS)-6-((S)-2-(methylamino)propanamido)-5-oxo-N-((R)-1,2,3,4-tetrahydronaphthalen-1-yl)decahydropyrrolo[1,2-a]azocine-3-carboxamide	CN[C@@H](C)C(=O)N[C@H]1CCCC[C@H]2CC[C@H](N2C1=O)C(=O)N[C@@H]3CCCc4ccccc34	8.682349588635999
CHEMBL481421	(3S,6S,10aS)-6-((S)-2-(methylamino)propanamido)-5-oxo-N-((S)-1,2,3,4-tetrahydronaphthalen-1-yl)decahydropyrrolo[1,2-a]azocine-3-carboxamide	CN[C@@H](C)C(=O)N[C@H]1CCCC[C@H]2CC[C@H](N2C1=O)C(=O)N[C@H]3CCCc4ccccc34	7.0524605034459995
CHEMBL481422	(3S,6S,10aS)-N-benzhydryl-6-((S)-2-(methylamino)propanamido)-5-oxodecahydropyrrolo[1,2-a]azocine-3-carboxamide-(3S,6S,10aS)-N-benzhydryl-6-((S)-2-(methylamino)propanamido)-5-oxo-decahydropyrrolo[1,2-a]azocine-3-carboxamide	CN[C@@H](C)C(=O)N[C@H]1CCCC[C@H]2CC[C@H](N2C1=O)C(=O)NC(c3ccccc3)c4ccccc4	7.675891119975599
CHEMBL504559	(5S,8S,10aR)-N-Benzhydryl-5-((S)-2-(methyl-amino)propanamido)-6-oxo-3-(2-phenyl-acetyl)decahydropyrrolo[1,2-a][1,5]diazocine-8-carboxamide-(5S,8S,10aR)-N-benzhydryl-5-((S)-2-(methylamino)propanamido)-6-oxo-3-(2-phenylacetyl)decahydropyrrolo[1,2-a][1,5]diazocine-8-carboxamide	CN[C@@H](C)C(=O)N[C@H]1CN(CC[C@H]2CC[C@H](N2C1=O)C(=O)NC(c3ccccc3)c4ccccc4)C(=O)Cc5ccccc5	8.261813293960666
CHEMBL506213	(5S,8S,10aR)-N-Benzhydryl-3-benzyl-5-((S)-2-(methylamino)-propanamido)-6-oxodeca-hydropyrrolo[1,2-a][1,5]diazocine-8-carbox-amide	CN[C@@H](C)C(=O)N[C@H]1CN(Cc2ccccc2)CC[C@H]3CC[C@H](N3C1=O)C(=O)NC(c4ccccc4)c5ccccc5	7.946656777275999
CHEMBL511444	Naphthalene-1-carboxylic Acid{(3aR,6S,6aS)-1-[(S)-3,3-Dimethyl-2-((S)-2-methylaminopropionylamino)butyryl]octahydrocyclopenta[b]pyrrol-6-yl}amide	CN[C@@H](C)C(=O)N[C@H](C(=O)N1CC[C@H]2CC[C@H](NC(=O)c3cccc4ccccc34)[C@@H]12)C(C)(C)C	6.996344561466
CHEMBL514738	(3S,6S,9aS)-6-((S)-2-(methylamino)butanamido)-5-oxo-N,N-diphenyloctahydro-1H-pyrrolo[1,2-a]azepine-3-carboxamide	CC[C@H](NC)C(=O)N[C@H]1CCC[C@H]2CC[C@H](N2C1=O)C(=O)N(c3ccccc3)c4ccccc4	8.400915149035999
CHEMBL515347	(3S,6S,11bR)-N-benzhydryl-6-((S)-2-(methylamino)propanamido)-5-oxo-2,3,5,6,7,11b-hexahydro-1H-benzo[c]pyrrolo[1,2-a]azepine-3-carboxamide	CN[C@@H](C)C(=O)N[C@H]1Cc2ccccc2[C@H]3CC[C@H](N3C1=O)C(=O)NC(c4ccccc4)c5ccccc5	8.037737246626
CHEMBL515848	(4S,7S,12bR)-N-benzhydryl-7-((S)-2-(methylamino)propanamido)-6-oxo-1,2,3,4,6,7,8,12b-octahydrobenzo[c]pyrido[1,2-a]azepine-4-carboxamide	CN[C@@H](C)C(=O)N[C@H]1Cc2ccccc2[C@H]3CCC[C@H](N3C1=O)C(=O)NC(c4ccccc4)c5ccccc5	7.400915149036
CHEMBL516172	(3S,6S,11bR)-6-((S)-2-(methylamino)propanamido)-5-oxo-N-((R)-1,2,3,4-tetrahydronaphthalen-1-yl)-2,3,5,6,7,11b-hexahydro-1H-benzo[c]pyrrolo[1,2-a]azepine-3-carboxamide	CN[C@@H](C)C(=O)N[C@H]1Cc2ccccc2[C@H]3CC[C@H](N3C1=O)C(=O)N[C@@H]4CCCc5ccccc45	8.473465816186
CHEMBL575256	(3S,6S,7R,9aS)-N-benzhydryl-7-(2-(benzylamino)ethyl)-6-((S)-2-(methylamino)butanamido)-5-oxooctahydro-1H-pyrrolo[1,2-a]azepine-3-carboxamide	CC[C@H](NC)C(=O)N[C@H]1[C@@H](CCNCc2ccccc2)CC[C@H]3CC[C@H](N3C1=O)C(=O)NC(c4ccccc4)c5ccccc5	8.69897000434
